0.004845 -0.047878 
0.023723 -0.047050 
0.047942 -0.038023 
0.067643 -0.028206 
0.071885 -0.022099 
0.057804 -0.019119 
0.034405 -0.020450 
0.011428 -0.025063 
-0.010098 -0.025567 
-0.028918 -0.023177 
-0.041205 -0.018880 
-0.047878 -0.014319 
-0.047050 -0.004692 
-0.038023 0.009959 
-0.028206 0.033710 
-0.022099 0.058595 
-0.019119 0.070888 
-0.020450 0.065135 
-0.025063 0.045853 
-0.025567 0.024339 
-0.023177 0.001622 
-0.018880 -0.018686 
-0.014319 -0.032383 
-0.004692 -0.042289 
0.009959 -0.043725 
0.033710 -0.037479 
0.058595 -0.027492 
0.070888 -0.019903 
0.065135 -0.015103 
0.045853 -0.014470 
0.024339 -0.017624 
0.001622 -0.020261 
-0.018686 -0.017692 
-0.032383 -0.013628 
-0.042289 -0.009375 
-0.043725 -0.003770 
-0.037479 0.008173 
-0.027492 0.028814 
-0.019903 0.054126 
-0.015103 0.073722 
-0.014470 0.074501 
-0.017624 0.062021 
-0.020261 0.042294 
-0.017692 0.018204 
-0.013628 -0.002942 
-0.009375 -0.019838 
-0.003770 -0.033769 
0.008173 -0.040066 
0.028814 -0.038311 
0.054126 -0.031550 
0.073722 -0.022144 
0.074501 -0.015050 
0.062021 -0.013068 
0.042294 -0.017158 
0.018204 -0.020789 
-0.002942 -0.019959 
-0.019838 -0.017750 
-0.033769 -0.013326 
-0.040066 -0.009762 
-0.038311 -0.003507 
-0.031550 0.011488 
-0.022144 0.037717 
-0.015050 0.061480 
-0.013068 0.070935 
-0.017158 0.064350 
-0.020789 0.047154 
-0.019959 0.024749 
-0.017750 0.003061 
-0.013326 -0.015270 
-0.009762 -0.032114 
-0.003507 -0.041183 
0.011488 -0.042473 
0.037717 -0.037626 
0.061480 -0.029341 
0.070935 -0.019123 
0.064350 -0.014577 
0.047154 -0.015774 
0.024749 -0.018692 
0.003061 -0.020572 
-0.015270 -0.018392 
-0.032114 -0.014765 
-0.041183 -0.009892 
-0.042473 -0.005517 
-0.037626 0.004967 
-0.029341 0.028914 
-0.019123 0.054409 
-0.014577 0.070154 
-0.015774 0.071273 
-0.018692 0.058707 
-0.020572 0.038035 
-0.018392 0.017692 
-0.014765 -0.003002 
-0.009892 -0.021554 
-0.005517 -0.034269 
0.004967 -0.039431 
0.028914 -0.038584 
0.054409 -0.031346 
0.070154 -0.021718 
0.071273 -0.013640 
0.058707 -0.011945 
0.038035 -0.015282 
0.017692 -0.016876 
-0.003002 -0.016598 
-0.021554 -0.012833 
-0.034269 -0.010123 
-0.039431 -0.008690 
-0.038584 -0.001731 
-0.031346 0.018320 
-0.021718 0.043545 
-0.013640 0.064191 
-0.011945 0.073155 
-0.015282 0.066677 
-0.016876 0.050467 
-0.016598 0.031934 
-0.012833 0.010801 
-0.010123 -0.010232 
-0.008690 -0.028376 
-0.001731 -0.037718 
0.018320 -0.041638 
0.043545 -0.036951 
0.064191 -0.026514 
0.073155 -0.019047 
0.066677 -0.016616 
0.050467 -0.018550 
0.031934 -0.020748 
0.010801 -0.020661 
-0.010232 -0.017385 
-0.028376 -0.014984 
-0.037718 -0.015261 
-0.041638 -0.012572 
-0.036951 0.002871 
-0.026514 0.026473 
-0.019047 0.050510 
-0.016616 0.065421 
-0.018550 0.063971 
-0.020748 0.050890 
-0.020661 0.034128 
-0.017385 0.014442 
-0.014984 -0.006803 
-0.015261 -0.025410 
-0.012572 -0.037619 
0.002871 -0.044064 
0.026473 -0.042991 
0.050510 -0.034528 
0.065421 -0.025161 
0.063971 -0.019284 
0.050890 -0.020323 
0.034128 -0.022731 
0.014442 -0.024495 
-0.006803 -0.021222 
-0.025410 -0.017206 
-0.037619 -0.016818 
-0.044064 -0.016385 
-0.042991 -0.006105 
-0.034528 0.014335 
-0.025161 0.040135 
-0.019284 0.060730 
-0.020323 0.067101 
-0.022731 0.061108 
-0.024495 0.048516 
-0.021222 0.029817 
-0.017206 0.007757 
-0.016818 -0.011425 
-0.016385 -0.026919 
-0.006105 -0.037311 
0.014335 -0.039385 
0.040135 -0.033410 
0.060730 -0.023246 
0.067101 -0.015327 
0.061108 -0.012231 
0.048516 -0.013689 
0.029817 -0.015171 
0.007757 -0.014723 
-0.011425 -0.009637 
-0.026919 -0.008476 
-0.037311 -0.009944 
-0.039385 -0.004075 
-0.033410 0.010402 
-0.023246 0.033760 
-0.015327 0.056732 
-0.012231 0.069172 
-0.013689 0.067384 
-0.015171 0.058533 
-0.014723 0.042208 
-0.009637 0.021599 
-0.008476 0.000527 
-0.009944 -0.018268 
-0.004075 -0.031931 
0.010402 -0.039610 
0.033760 -0.037211 
0.056732 -0.029173 
0.069172 -0.022429 
0.067384 -0.018046 
0.058533 -0.019369 
0.042208 -0.023788 
0.021599 -0.021733 
0.000527 -0.019450 
-0.018268 -0.018221 
-0.031931 -0.021743 
-0.039610 -0.019666 
-0.037211 -0.010024 
-0.029173 0.012639 
-0.022429 0.039862 
-0.018046 0.056782 
-0.019369 0.061843 
-0.023788 0.058197 
-0.021733 0.044028 
-0.019450 0.024043 
-0.018221 0.001789 
-0.021743 -0.018008 
-0.019666 -0.036714 
-0.010024 -0.049378 
0.012639 -0.049180 
0.039862 -0.042610 
0.056782 -0.031380 
0.061843 -0.021812 
0.058197 -0.019752 
0.044028 -0.022576 
0.024043 -0.020737 
0.001789 -0.015712 
-0.018008 -0.013224 
-0.036714 -0.014377 
-0.049378 -0.016053 
-0.049180 -0.011030 
-0.042610 0.006291 
-0.031380 0.031154 
-0.021812 0.052196 
-0.019752 0.061861 
-0.022576 0.061873 
-0.020737 0.053628 
-0.015712 0.038756 
-0.013224 0.021523 
-0.014377 0.003947 
-0.016053 -0.014969 
-0.011030 -0.029448 
0.006291 -0.035315 
0.031154 -0.032622 
0.052196 -0.024507 
0.061861 -0.017204 
0.061873 -0.015769 
0.053628 -0.019661 
0.038756 -0.020366 
0.021523 -0.018031 
0.003947 -0.014866 
-0.014969 -0.014127 
-0.029448 -0.016211 
-0.035315 -0.013083 
-0.032622 0.001109 
-0.024507 0.024551 
-0.017204 0.047636 
-0.015769 0.063138 
-0.019661 0.068942 
-0.020366 0.064591 
-0.018031 0.050071 
-0.014866 0.032073 
-0.014127 0.013638 
-0.016211 -0.008023 
-0.013083 -0.027066 
0.001109 -0.038051 
0.024551 -0.040591 
0.047636 -0.034181 
0.063138 -0.023953 
0.068942 -0.018929 
0.064591 -0.021154 
0.050071 -0.022055 
0.032073 -0.019501 
0.013638 -0.015175 
-0.008023 -0.013910 
-0.027066 -0.017480 
-0.038051 -0.019984 
-0.040591 -0.013285 
-0.034181 0.006111 
-0.023953 0.029373 
-0.018929 0.047489 
-0.021154 0.057535 
-0.022055 0.058064 
-0.019501 0.048923 
-0.015175 0.035184 
-0.013910 0.019372 
-0.017480 -0.001313 
-0.019984 -0.020978 
-0.013285 -0.034879 
0.006111 -0.042158 
0.029373 -0.038775 
0.047489 -0.029041 
0.057535 -0.021596 
0.058064 -0.022520 
0.048923 -0.023847 
0.035184 -0.022644 
0.019372 -0.018220 
-0.001313 -0.014360 
-0.020978 -0.016566 
-0.034879 -0.020116 
-0.042158 -0.016352 
-0.038775 0.000282 
-0.029041 0.023152 
-0.021596 0.045457 
-0.022520 0.061399 
-0.023847 0.066966 
-0.022644 0.060133 
-0.018220 0.050094 
-0.014360 0.034708 
-0.016566 0.014497 
-0.020116 -0.005776 
-0.016352 -0.023204 
0.000282 -0.035580 
0.023152 -0.036499 
0.045457 -0.027433 
0.061399 -0.019531 
0.066966 -0.016786 
0.060133 -0.018774 
0.050094 -0.019338 
0.034708 -0.016525 
0.014497 -0.011651 
-0.005776 -0.012443 
-0.023204 -0.016765 
-0.035580 -0.018037 
-0.036499 -0.006314 
-0.027433 0.011551 
-0.019531 0.032165 
-0.016786 0.050467 
-0.018774 0.058920 
-0.019338 0.057313 
-0.016525 0.050310 
-0.011651 0.037961 
-0.012443 0.019055 
-0.016765 -0.000903 
-0.018037 -0.021552 
-0.006314 -0.038297 
0.011551 -0.043950 
0.032165 -0.037095 
0.050467 -0.029726 
0.058920 -0.026073 
0.057313 -0.027230 
0.050310 -0.029391 
0.037961 -0.026841 
0.019055 -0.021872 
-0.000903 -0.019853 
-0.021552 -0.025556 
-0.038297 -0.029022 
-0.043950 -0.021536 
-0.037095 -0.005978 
-0.029726 0.014254 
-0.026073 0.036006 
-0.027230 0.049542 
-0.029391 0.053301 
-0.026841 0.051611 
-0.021872 0.042726 
-0.019853 0.026747 
-0.025556 0.008838 
-0.029022 -0.011579 
-0.021536 -0.031407 
-0.005978 -0.041608 
0.014254 -0.039970 
0.036006 -0.031498 
0.049542 -0.025385 
0.053301 -0.024985 
0.051611 -0.026048 
0.042726 -0.023488 
0.026747 -0.017016 
0.008838 -0.012657 
-0.011579 -0.016548 
-0.031407 -0.021475 
-0.041608 -0.018177 
-0.039970 -0.007898 
-0.031498 0.011620 
-0.025385 0.035092 
-0.024985 0.052804 
-0.026048 0.061385 
-0.023488 0.061858 
-0.017016 0.057158 
-0.012657 0.045302 
-0.016548 0.029549 
-0.021475 0.009169 
-0.018177 -0.012580 
-0.007898 -0.029053 
0.011620 -0.032826 
0.035092 -0.026909 
0.052804 -0.019484 
0.061385 -0.017236 
0.061858 -0.018723 
0.057158 -0.018393 
0.045302 -0.013323 
0.029549 -0.008344 
0.009169 -0.011139 
-0.012580 -0.016354 
-0.029053 -0.017899 
-0.032826 -0.011491 
-0.026909 0.004404 
-0.019484 0.026046 
-0.017236 0.044577 
-0.018723 0.056010 
-0.018393 0.060034 
-0.013323 0.057973 
-0.008344 0.048268 
-0.011139 0.034575 
-0.016354 0.016682 
-0.017899 -0.007550 
-0.011491 -0.027586 
0.004404 -0.037113 
0.026046 -0.035043 
0.044577 -0.029357 
0.056010 -0.024523 
0.060034 -0.026492 
0.057973 -0.027966 
0.048268 -0.021727 
0.034575 -0.015241 
0.016682 -0.017673 
-0.007550 -0.021988 
-0.027586 -0.025250 
-0.037113 -0.024286 
-0.035043 -0.012036 
-0.029357 0.008326 
-0.024523 0.028399 
-0.026492 0.042678 
-0.027966 0.051234 
-0.021727 0.053206 
-0.015241 0.048083 
-0.017673 0.039588 
-0.021988 0.022927 
-0.025250 0.002004 
-0.024286 -0.020838 
-0.012036 -0.035534 
0.008326 -0.036517 
0.028399 -0.031442 
0.042678 -0.025609 
0.051234 -0.025472 
0.053206 -0.027651 
0.048083 -0.022916 
0.039588 -0.016806 
0.022927 -0.014639 
0.002004 -0.016664 
-0.020838 -0.021125 
-0.035534 -0.022555 
-0.036517 -0.014435 
-0.031442 0.004260 
-0.025609 0.025095 
-0.025472 0.043075 
-0.027651 0.054720 
-0.022916 0.059290 
-0.016806 0.057648 
-0.014639 0.052322 
-0.016664 0.040748 
-0.021125 0.020146 
-0.022555 -0.003299 
-0.014435 -0.022813 
0.004260 -0.031384 
0.025095 -0.027956 
0.043075 -0.021748 
0.054720 -0.021800 
0.059290 -0.025134 
0.057648 -0.022246 
0.052322 -0.016180 
0.040748 -0.012654 
0.020146 -0.013114 
-0.003299 -0.018118 
-0.022813 -0.023230 
-0.031384 -0.020522 
-0.027956 -0.007389 
-0.021748 0.011259 
-0.021800 0.029529 
-0.025134 0.044396 
-0.022246 0.051045 
-0.016180 0.052899 
-0.012654 0.049046 
-0.013114 0.040823 
-0.018118 0.023998 
-0.023230 0.000408 
-0.020522 -0.021597 
-0.007389 -0.035880 
0.011259 -0.036168 
0.029529 -0.029580 
0.044396 -0.029032 
0.051045 -0.031765 
0.052899 -0.031359 
0.049046 -0.025907 
0.040823 -0.022192 
0.023998 -0.021023 
0.000408 -0.023662 
-0.021597 -0.029855 
-0.035880 -0.030430 
-0.036168 -0.020343 
-0.029580 -0.005030 
-0.029032 0.015172 
-0.031765 0.032334 
-0.031359 0.042695 
-0.025907 0.047845 
-0.022192 0.049372 
-0.021023 0.046571 
-0.023662 0.032836 
-0.029855 0.012171 
-0.030430 -0.010952 
-0.020343 -0.028127 
-0.005030 -0.033589 
0.015172 -0.028635 
0.032334 -0.026192 
0.042695 -0.028078 
0.047845 -0.027332 
0.049372 -0.023883 
0.046571 -0.017906 
0.032836 -0.012892 
0.012171 -0.014842 
-0.010952 -0.019810 
-0.028127 -0.021945 
-0.033589 -0.017245 
-0.028635 -0.003376 
-0.026192 0.015046 
-0.028078 0.032900 
-0.027332 0.047193 
-0.023883 0.054683 
-0.017906 0.058447 
-0.012892 0.057574 
-0.014842 0.049044 
-0.019810 0.031951 
-0.021945 0.008393 
-0.017245 -0.014306 
-0.003376 -0.024036 
0.015046 -0.022484 
0.032900 -0.020108 
0.047193 -0.021386 
0.054683 -0.022751 
0.058447 -0.020612 
0.057574 -0.016123 
0.049044 -0.009995 
0.031951 -0.009811 
0.008393 -0.015331 
-0.014306 -0.021269 
-0.024036 -0.019844 
-0.022484 -0.010516 
-0.020108 0.005424 
-0.021386 0.024028 
-0.022751 0.039734 
-0.020612 0.048112 
-0.016123 0.054636 
-0.009995 0.056201 
-0.009811 0.050757 
-0.015331 0.037936 
-0.021269 0.014529 
-0.019844 -0.011530 
-0.010516 -0.026676 
0.005424 -0.029008 
0.024028 -0.028095 
0.039734 -0.029713 
0.048112 -0.030629 
0.054636 -0.030663 
0.056201 -0.026262 
0.050757 -0.019430 
0.037936 -0.016802 
0.014529 -0.020641 
-0.011530 -0.027286 
-0.026676 -0.029608 
-0.029008 -0.024609 
-0.028095 -0.011107 
-0.029713 0.007054 
-0.030629 0.023345 
-0.030663 0.034623 
-0.026262 0.043820 
-0.019430 0.049776 
-0.016802 0.049812 
-0.020641 0.042886 
-0.027286 0.023534 
-0.029608 -0.002873 
-0.024609 -0.022741 
-0.011107 -0.028355 
0.007054 -0.028389 
0.023345 -0.027610 
0.034623 -0.029795 
0.043820 -0.030813 
0.049776 -0.027769 
0.049812 -0.019093 
0.042886 -0.013865 
0.023534 -0.013983 
-0.002873 -0.019487 
-0.022741 -0.023734 
-0.028355 -0.022620 
-0.028389 -0.012224 
-0.027610 0.005859 
-0.029795 0.023243 
-0.030813 0.036222 
-0.027769 0.047346 
-0.019093 0.054448 
-0.013865 0.058798 
-0.013983 0.056999 
-0.019487 0.041519 
-0.023734 0.015728 
-0.022620 -0.006581 
-0.012224 -0.017496 
0.005859 -0.020825 
0.023243 -0.019656 
0.036222 -0.021713 
0.047346 -0.025262 
0.054448 -0.024216 
0.058798 -0.017873 
0.056999 -0.011962 
0.041519 -0.010734 
0.015728 -0.016273 
-0.006581 -0.021086 
-0.017496 -0.026036 
-0.020825 -0.020350 
-0.019656 -0.006621 
-0.021713 0.010330 
-0.025262 0.024975 
-0.024216 0.037221 
-0.017873 0.045341 
-0.011962 0.051780 
-0.010734 0.054986 
-0.016273 0.044807 
-0.021086 0.021069 
-0.026036 -0.002932 
-0.020350 -0.019834 
-0.006621 -0.026377 
0.010330 -0.027596 
0.024975 -0.028198 
0.037221 -0.031674 
0.045341 -0.033026 
0.051780 -0.027346 
0.054986 -0.019684 
0.044807 -0.017094 
0.021069 -0.017905 
-0.002932 -0.022539 
-0.019834 -0.028106 
-0.026377 -0.026460 
-0.027596 -0.015110 
-0.028198 -0.000546 
-0.031674 0.015720 
-0.033026 0.029663 
-0.027346 0.039127 
-0.019684 0.047884 
-0.017094 0.055828 
-0.017905 0.051439 
-0.022539 0.033205 
-0.028106 0.009422 
-0.026460 -0.009993 
-0.015110 -0.020064 
-0.000546 -0.021977 
0.015720 -0.023315 
0.029663 -0.026076 
0.039127 -0.029089 
0.047884 -0.026258 
0.055828 -0.018732 
0.051439 -0.013427 
0.033205 -0.011950 
0.009422 -0.016437 
-0.009993 -0.022187 
-0.020064 -0.022215 
-0.021977 -0.013580 
-0.023315 -0.000171 
-0.026076 0.016269 
-0.029089 0.030116 
-0.026258 0.040572 
-0.018732 0.049987 
-0.013427 0.061381 
-0.011950 0.062814 
-0.016437 0.049305 
-0.022187 0.026602 
-0.022215 0.003254 
-0.013580 -0.010952 
-0.000171 -0.017616 
0.016269 -0.019357 
0.030116 -0.022697 
0.040572 -0.027390 
0.049987 -0.026084 
0.061381 -0.021211 
0.062814 -0.015361 
0.049305 -0.012494 
0.026602 -0.014943 
0.003254 -0.021809 
-0.010952 -0.025559 
-0.017616 -0.022568 
-0.019357 -0.011770 
-0.022697 0.003073 
-0.027390 0.017500 
-0.026084 0.027664 
-0.021211 0.036932 
-0.015361 0.049038 
-0.012494 0.056127 
-0.014943 0.049107 
-0.021809 0.029585 
-0.025559 0.006366 
-0.022568 -0.012621 
-0.011770 -0.021778 
0.003073 -0.024654 
0.017500 -0.029462 
0.027664 -0.034378 
0.036932 -0.035844 
0.049038 -0.031489 
0.056127 -0.024671 
0.049107 -0.019262 
0.029585 -0.019809 
0.006366 -0.025934 
-0.012621 -0.029814 
-0.021778 -0.029796 
-0.024654 -0.021214 
-0.029462 -0.007294 
-0.034378 0.008333 
-0.035844 0.018355 
-0.031489 0.028807 
-0.024671 0.042475 
-0.019262 0.053977 
-0.019809 0.054257 
-0.025934 0.040147 
-0.029814 0.018366 
-0.029796 -0.002376 
-0.021214 -0.013956 
-0.007294 -0.018159 
0.008333 -0.022529 
0.018355 -0.027591 
0.028807 -0.030107 
0.042475 -0.028329 
0.053977 -0.022464 
0.054257 -0.014857 
0.040147 -0.011969 
0.018366 -0.016334 
-0.002376 -0.022201 
-0.013956 -0.024346 
-0.018159 -0.020206 
-0.022529 -0.007418 
-0.027591 0.006837 
-0.030107 0.017969 
-0.028329 0.028736 
-0.022464 0.041141 
-0.014857 0.056600 
-0.011969 0.062508 
-0.016334 0.053387 
-0.022201 0.034849 
-0.024346 0.011742 
-0.020206 -0.003023 
-0.007418 -0.010566 
0.006837 -0.017271 
0.017969 -0.022430 
0.028736 -0.027307 
0.041141 -0.028246 
0.056600 -0.024307 
0.062508 -0.016389 
0.053387 -0.012594 
0.034849 -0.014553 
0.011742 -0.019387 
-0.003023 -0.024411 
-0.010566 -0.024527 
-0.017271 -0.014280 
-0.022430 -0.000541 
-0.027307 0.010893 
-0.028246 0.020003 
-0.024307 0.032332 
-0.016389 0.047827 
-0.012594 0.058259 
-0.014553 0.056601 
-0.019387 0.041479 
-0.024411 0.018766 
-0.024527 0.001151 
-0.014280 -0.009670 
-0.000541 -0.016544 
0.010893 -0.023134 
0.020003 -0.029217 
0.032332 -0.032544 
0.047827 -0.029104 
0.058259 -0.022337 
0.056601 -0.015976 
0.041479 -0.016037 
0.018766 -0.019398 
0.001151 -0.025670 
-0.009670 -0.027764 
-0.016544 -0.021132 
-0.023134 -0.008490 
-0.029217 0.003734 
-0.032544 0.012664 
-0.029104 0.024191 
-0.022337 0.040479 
-0.015976 0.055363 
-0.016037 0.060612 
-0.019398 0.050633 
-0.025670 0.030094 
-0.027764 0.010831 
-0.021132 -0.002068 
-0.008490 -0.009994 
0.003734 -0.017365 
0.012664 -0.023260 
0.024191 -0.029403 
0.040479 -0.029138 
0.055363 -0.023024 
0.060612 -0.016543 
0.050633 -0.013172 
0.030094 -0.014703 
0.010831 -0.021092 
-0.002068 -0.026630 
-0.009994 -0.023625 
-0.017365 -0.012328 
-0.023260 -0.001346 
-0.029403 0.007743 
-0.029138 0.018370 
-0.023024 0.031713 
-0.016543 0.049199 
-0.013172 0.060204 
-0.014703 0.056799 
-0.021092 0.039550 
-0.026630 0.019942 
-0.023625 0.004928 
-0.012328 -0.005878 
-0.001346 -0.014641 
0.007743 -0.021577 
0.018370 -0.028377 
0.031713 -0.030810 
0.049199 -0.026578 
0.060204 -0.020987 
0.056799 -0.016103 
0.039550 -0.015795 
0.019942 -0.020214 
0.004928 -0.027689 
-0.005878 -0.027156 
-0.014641 -0.018918 
-0.021577 -0.008400 
-0.028377 0.000022 
-0.030810 0.009098 
-0.026578 0.021387 
-0.020987 0.038811 
-0.016103 0.054298 
-0.015795 0.057019 
-0.020214 0.045762 
-0.027689 0.026849 
-0.027156 0.010870 
-0.018918 -0.002385 
-0.008400 -0.011556 
0.000022 -0.019255 
0.009098 -0.027580 
0.021387 -0.032157 
0.038811 -0.030302 
0.054298 -0.025034 
0.057019 -0.019624 
0.045762 -0.016913 
0.026849 -0.019543 
0.010870 -0.027462 
-0.002385 -0.029730 
-0.011556 -0.022966 
-0.019255 -0.014361 
-0.027580 -0.005508 
-0.032157 0.002232 
-0.030302 0.013240 
-0.025034 0.030901 
-0.019624 0.049936 
-0.016913 0.059304 
-0.019543 0.052539 
-0.027462 0.037207 
-0.029730 0.019834 
-0.022966 0.005552 
-0.014361 -0.003657 
-0.005508 -0.013164 
0.002232 -0.021722 
0.013240 -0.028032 
0.030901 -0.029382 
0.049936 -0.025828 
0.059304 -0.019221 
0.052539 -0.013025 
0.037207 -0.013989 
0.019834 -0.021915 
0.005552 -0.026350 
-0.003657 -0.023061 
-0.013164 -0.014711 
-0.021722 -0.006244 
-0.028032 0.000671 
-0.029382 0.008276 
-0.025828 0.022233 
-0.019221 0.042527 
-0.013025 0.056971 
-0.013989 0.056448 
-0.021915 0.044866 
-0.026350 0.026625 
-0.023061 0.010421 
-0.014711 -0.000179 
-0.006244 -0.009420 
0.000671 -0.019683 
0.008276 -0.028590 
0.022233 -0.032523 
0.042527 -0.031156 
0.056971 -0.025333 
0.056448 -0.018715 
0.044866 -0.016773 
0.026625 -0.023646 
0.010421 -0.029334 
-0.000179 -0.029482 
-0.009420 -0.022416 
-0.019683 -0.012889 
-0.028590 -0.006479 
-0.032523 -0.001141 
-0.031156 0.011505 
-0.025333 0.032236 
-0.018715 0.049619 
-0.016773 0.056441 
-0.023646 0.050226 
-0.029334 0.035691 
-0.029482 0.019804 
-0.022416 0.007510 
-0.012889 -0.002968 
-0.006479 -0.012682 
-0.001141 -0.022207 
0.011505 -0.027724 
0.032236 -0.030057 
0.049619 -0.026999 
0.056441 -0.018499 
0.050226 -0.013998 
0.035691 -0.017285 
0.019804 -0.023812 
0.007510 -0.026246 
-0.002968 -0.021380 
-0.012682 -0.013244 
-0.022207 -0.007844 
-0.027724 -0.003403 
-0.030057 0.005809 
-0.026999 0.024958 
-0.018499 0.045976 
-0.013998 0.058088 
-0.017285 0.058008 
-0.023812 0.045465 
-0.026246 0.029970 
-0.021380 0.017321 
-0.013244 0.006009 
-0.007844 -0.004925 
-0.003403 -0.014297 
0.005809 -0.022492 
0.024958 -0.026853 
0.045976 -0.024932 
0.058088 -0.017017 
0.058008 -0.011221 
0.045465 -0.013011 
0.029970 -0.019324 
0.017321 -0.024160 
0.006009 -0.021793 
-0.004925 -0.013531 
-0.014297 -0.007988 
-0.022492 -0.005944 
-0.026853 0.000804 
-0.024932 0.015990 
-0.017017 0.036041 
-0.011221 0.053198 
-0.013011 0.058902 
-0.019324 0.050658 
-0.024160 0.035773 
-0.021793 0.021700 
-0.013531 0.010333 
-0.007988 -0.002129 
-0.005944 -0.012194 
0.000804 -0.021684 
0.015990 -0.029608 
0.036041 -0.030714 
0.053198 -0.024806 
0.058902 -0.017776 
0.050658 -0.016250 
0.035773 -0.020945 
0.021700 -0.027293 
0.010333 -0.027637 
-0.002129 -0.020351 
-0.012194 -0.014170 
-0.021684 -0.012413 
-0.029608 -0.008332 
-0.030714 0.002733 
-0.024806 0.021906 
-0.017776 0.042187 
-0.016250 0.053325 
-0.020945 0.050505 
-0.027293 0.039155 
-0.027637 0.025914 
-0.020351 0.013871 
-0.014170 0.001238 
-0.012413 -0.008624 
-0.008332 -0.018493 
0.002733 -0.028377 
0.021906 -0.031759 
0.042187 -0.027978 
0.053325 -0.020058 
0.050505 -0.016074 
0.039155 -0.018464 
0.025914 -0.025097 
0.013871 -0.027247 
0.001238 -0.020638 
-0.008624 -0.014675 
-0.018493 -0.012286 
-0.028377 -0.009594 
-0.031759 -0.001512 
-0.027978 0.014957 
-0.020058 0.037254 
-0.016074 0.053443 
-0.018464 0.055764 
-0.025097 0.048388 
-0.027247 0.037755 
-0.020638 0.025204 
-0.014675 0.011980 
-0.012286 0.001829 
-0.009594 -0.008881 
-0.001512 -0.020451 
0.014957 -0.027751 
0.037254 -0.026473 
0.053443 -0.020562 
0.055764 -0.013352 
0.048388 -0.013387 
0.037755 -0.020261 
0.025204 -0.024638 
0.011980 -0.021234 
0.001829 -0.014679 
-0.008881 -0.010590 
-0.020451 -0.010035 
-0.027751 -0.005815 
-0.026473 0.005769 
-0.020562 0.026589 
-0.013352 0.046386 
-0.013387 0.054896 
-0.020261 0.051421 
-0.024638 0.041361 
-0.021234 0.028488 
-0.014679 0.016102 
-0.010590 0.005335 
-0.010035 -0.005472 
-0.005815 -0.018638 
0.005769 -0.029001 
0.026589 -0.031633 
0.046386 -0.027805 
0.054896 -0.020066 
0.051421 -0.018708 
0.041361 -0.024791 
0.028488 -0.030660 
0.016102 -0.028912 
0.005335 -0.023140 
-0.005472 -0.018775 
-0.018638 -0.018541 
-0.029001 -0.016344 
-0.031633 -0.007482 
-0.027805 0.011208 
-0.020066 0.033823 
-0.018708 0.047641 
-0.024791 0.049215 
-0.030660 0.043770 
-0.028912 0.032035 
-0.023140 0.020253 
-0.018775 0.009581 
-0.018541 -0.000242 
-0.016344 -0.013467 
-0.007482 -0.024427 
0.011208 -0.031020 
0.033823 -0.028375 
0.047641 -0.020724 
0.049215 -0.016629 
0.043770 -0.020380 
0.032035 -0.025871 
0.020253 -0.026651 
0.009581 -0.020957 
-0.000242 -0.015957 
-0.013467 -0.014506 
-0.024427 -0.014457 
-0.031020 -0.009831 
-0.028375 0.005847 
-0.020724 0.027585 
-0.016629 0.044923 
-0.020380 0.052742 
-0.025871 0.051798 
-0.026651 0.041561 
-0.020957 0.030139 
-0.015957 0.020453 
-0.014506 0.010176 
-0.014457 -0.002826 
-0.009831 -0.015347 
0.005847 -0.025458 
0.027585 -0.026877 
0.044923 -0.020042 
0.052742 -0.013800 
0.051798 -0.015343 
0.041561 -0.020620 
0.030139 -0.023346 
0.020453 -0.019671 
0.010176 -0.014398 
-0.002826 -0.011975 
-0.015347 -0.013379 
-0.025458 -0.011968 
-0.026877 -0.000573 
-0.020042 0.019234 
-0.013800 0.038455 
-0.015343 0.050693 
-0.020620 0.054019 
-0.023346 0.046511 
-0.019671 0.035125 
-0.014398 0.026054 
-0.011975 0.015240 
-0.013379 0.003017 
-0.011968 -0.010503 
-0.000573 -0.022543 
0.019234 -0.028351 
0.038455 -0.023802 
0.050693 -0.017744 
0.054019 -0.017119 
0.046511 -0.021913 
0.035125 -0.025521 
0.026054 -0.024804 
0.015240 -0.020067 
0.003017 -0.014900 
-0.010503 -0.016760 
-0.022543 -0.018761 
-0.028351 -0.010702 
-0.023802 0.006836 
-0.017744 0.027060 
-0.017119 0.043408 
-0.021913 0.051528 
-0.025521 0.048198 
-0.024804 0.040342 
-0.020067 0.029386 
-0.014900 0.020128 
-0.016760 0.009659 
-0.018761 -0.003841 
-0.010702 -0.018878 
0.006836 -0.027720 
0.027060 -0.026125 
0.043408 -0.018531 
0.051528 -0.016534 
0.048198 -0.019481 
0.040342 -0.024059 
0.029386 -0.025875 
0.020128 -0.020660 
0.009659 -0.014447 
-0.003841 -0.014620 
-0.018878 -0.018236 
-0.027720 -0.014204 
-0.026125 -0.000411 
-0.018531 0.018979 
-0.016534 0.038174 
-0.019481 0.051505 
-0.024059 0.052406 
-0.025875 0.046318 
-0.020660 0.037007 
-0.014447 0.027739 
-0.014620 0.018686 
-0.018236 0.005050 
-0.014204 -0.010467 
-0.000411 -0.022827 
0.018979 -0.024925 
0.038174 -0.018888 
0.051505 -0.015346 
0.052406 -0.016119 
0.046318 -0.021728 
0.037007 -0.025585 
0.027739 -0.022214 
0.018686 -0.016174 
0.005050 -0.015337 
-0.010467 -0.020720 
-0.022827 -0.020903 
-0.024925 -0.011609 
-0.018888 0.005489 
-0.015346 0.026578 
-0.016119 0.041689 
-0.021728 0.045774 
-0.025585 0.043634 
-0.022214 0.035987 
-0.016174 0.027951 
-0.015337 0.018618 
-0.020720 0.007048 
-0.020903 -0.009260 
-0.011609 -0.024794 
0.005489 -0.030218 
0.026578 -0.026943 
0.041689 -0.022517 
0.045774 -0.021011 
0.043634 -0.026306 
0.035987 -0.030803 
0.027951 -0.028434 
0.018618 -0.021300 
0.007048 -0.019125 
-0.009260 -0.022901 
-0.024794 -0.024698 
-0.030218 -0.020427 
-0.026943 -0.006287 
-0.022517 0.015002 
-0.021011 0.033091 
-0.026306 0.043637 
-0.030803 0.044749 
-0.028434 0.039523 
-0.021300 0.032354 
-0.019125 0.024801 
-0.022901 0.015454 
-0.024698 0.000317 
-0.020427 -0.015585 
-0.006287 -0.024708 
0.015002 -0.024938 
0.033091 -0.019827 
0.043637 -0.016948 
0.044749 -0.019462 
0.039523 -0.024955 
0.032354 -0.024635 
0.024801 -0.017764 
0.015454 -0.013554 
0.000317 -0.014263 
-0.015585 -0.017619 
-0.024708 -0.018012 
-0.024938 -0.007919 
-0.019827 0.010234 
-0.016948 0.030016 
-0.019462 0.044607 
-0.024955 0.050526 
-0.024635 0.047861 
-0.017764 0.041294 
-0.013554 0.034061 
-0.014263 0.026407 
-0.017619 0.012912 
-0.018012 -0.004628 
-0.007919 -0.016970 
0.010234 -0.020996 
0.030016 -0.018402 
0.044607 -0.013550 
0.050526 -0.014778 
0.047861 -0.022290 
0.041294 -0.023798 
0.034061 -0.017664 
0.026407 -0.012668 
0.012912 -0.011696 
-0.004628 -0.015650 
-0.016970 -0.017938 
-0.020996 -0.012996 
-0.018402 0.001878 
-0.013550 0.021798 
-0.014778 0.039114 
-0.022290 0.048672 
-0.023798 0.048667 
-0.017664 0.043802 
-0.012668 0.037682 
-0.011696 0.031609 
-0.015650 0.019460 
-0.017938 0.001392 
-0.012996 -0.013520 
0.001878 -0.022237 
0.021798 -0.022704 
0.039114 -0.018247 
0.048672 -0.019394 
0.048667 -0.026039 
0.043802 -0.029206 
0.037682 -0.025818 
0.031609 -0.019978 
0.019460 -0.017395 
0.001392 -0.020230 
-0.013520 -0.025322 
-0.022237 -0.024345 
-0.022704 -0.013586 
-0.018247 0.005273 
-0.019394 0.024525 
-0.026039 0.038305 
-0.029206 0.042358 
-0.025818 0.039495 
-0.019978 0.036083 
-0.017395 0.031773 
-0.020230 0.022677 
-0.025322 0.006301 
-0.024345 -0.009664 
-0.013586 -0.020997 
0.005273 -0.024065 
0.024525 -0.019514 
0.038305 -0.018050 
0.042358 -0.023604 
0.039495 -0.027840 
0.036083 -0.025979 
0.031773 -0.019865 
0.022677 -0.015090 
0.006301 -0.015579 
-0.009664 -0.020220 
-0.020997 -0.023372 
-0.024065 -0.016214 
-0.019514 -0.000556 
-0.018050 0.019024 
-0.023604 0.036199 
-0.027840 0.045232 
-0.025979 0.044235 
-0.019865 0.041890 
-0.015090 0.039151 
-0.015579 0.033089 
-0.020220 0.019276 
-0.023372 0.002108 
-0.016214 -0.014322 
-0.000556 -0.021354 
0.019024 -0.017535 
0.036199 -0.015820 
0.045232 -0.019736 
0.044235 -0.025242 
0.041890 -0.027052 
0.039151 -0.021899 
0.033089 -0.016754 
0.019276 -0.014499 
0.002108 -0.019407 
-0.014322 -0.023844 
-0.021354 -0.023168 
-0.017535 -0.011084 
-0.015820 0.007925 
-0.019736 0.026943 
-0.025242 0.038826 
-0.027052 0.040640 
-0.021899 0.038523 
-0.016754 0.037334 
-0.014499 0.033586 
-0.019407 0.022953 
-0.023844 0.007062 
-0.023168 -0.011440 
-0.011084 -0.020777 
0.007925 -0.019890 
0.026943 -0.017093 
0.038826 -0.020270 
0.040640 -0.024898 
0.038523 -0.028074 
0.037334 -0.026247 
0.033586 -0.018902 
0.022953 -0.015160 
0.007062 -0.017432 
-0.011440 -0.023026 
-0.020777 -0.024301 
-0.019890 -0.016978 
-0.017093 -0.001554 
-0.020270 0.019140 
-0.024898 0.034483 
-0.028074 0.040631 
-0.026247 0.040811 
-0.018902 0.041098 
-0.015160 0.037597 
-0.017432 0.031338 
-0.023026 0.017599 
-0.024301 -0.001432 
-0.016978 -0.014772 
-0.001554 -0.017030 
0.019140 -0.014799 
0.034483 -0.015376 
0.040631 -0.021150 
0.040811 -0.025986 
0.041098 -0.024787 
0.037597 -0.018593 
0.031338 -0.013062 
0.017599 -0.013131 
-0.001432 -0.018688 
-0.014772 -0.022573 
-0.017030 -0.019134 
-0.014799 -0.007025 
-0.015376 0.013289 
-0.021150 0.030852 
-0.025986 0.040323 
-0.024787 0.044396 
-0.018593 0.044512 
-0.013062 0.042988 
-0.013131 0.039395 
-0.018688 0.027613 
-0.022573 0.008972 
-0.019134 -0.008175 
-0.007025 -0.014642 
0.013289 -0.012578 
0.030852 -0.013373 
0.040323 -0.018175 
0.044396 -0.024425 
0.044512 -0.027191 
0.042988 -0.022253 
0.039395 -0.014936 
0.027613 -0.013659 
0.008972 -0.017335 
-0.008175 -0.023123 
-0.014642 -0.025293 
-0.012578 -0.016687 
-0.013373 0.000921 
-0.018175 0.019010 
-0.024425 0.031503 
-0.027191 0.037678 
-0.022253 0.039544 
-0.014936 0.040227 
-0.013659 0.039475 
-0.017335 0.031433 
-0.023123 0.014338 
-0.025293 -0.005228 
-0.016687 -0.014927 
0.000921 -0.015298 
0.019010 -0.015651 
0.031503 -0.019137 
0.037678 -0.027334 
0.039544 -0.032457 
0.040227 -0.028181 
0.039475 -0.021036 
0.031433 -0.016749 
0.014338 -0.018528 
-0.005228 -0.023197 
-0.014927 -0.029539 
-0.015298 -0.025624 
-0.015651 -0.010111 
-0.019137 0.008102 
-0.027334 0.023832 
-0.032457 0.033303 
-0.028181 0.037176 
-0.021036 0.039390 
-0.016749 0.042107 
-0.018528 0.037826 
-0.023197 0.024265 
-0.029539 0.004376 
-0.025624 -0.008119 
-0.010111 -0.011828 
0.008102 -0.011065 
0.023832 -0.012656 
0.033303 -0.018953 
0.037176 -0.025468 
0.039390 -0.024658 
0.042107 -0.018185 
0.037826 -0.013428 
0.024265 -0.011510 
0.004376 -0.014987 
-0.008119 -0.023298 
-0.011828 -0.023784 
-0.011065 -0.012689 
-0.012656 0.004741 
-0.018953 0.021590 
-0.025468 0.033738 
-0.024658 0.038276 
-0.018185 0.040932 
-0.013428 0.044847 
-0.011510 0.045776 
-0.014987 0.033998 
-0.023298 0.014500 
-0.023784 -0.001259 
-0.012689 -0.009537 
0.004741 -0.010767 
0.021590 -0.011810 
0.033738 -0.017829 
0.038276 -0.026086 
0.040932 -0.028396 
0.044847 -0.024727 
0.045776 -0.019285 
0.033998 -0.014396 
0.014500 -0.016044 
-0.001259 -0.024277 
-0.009537 -0.028569 
-0.010767 -0.022626 
-0.011810 -0.008372 
-0.017829 0.008773 
-0.026086 0.023591 
-0.028396 0.030371 
-0.024727 0.034384 
-0.019285 0.039294 
-0.014396 0.042461 
-0.016044 0.035539 
-0.024277 0.018722 
-0.028569 0.000660 
-0.022626 -0.010642 
-0.008372 -0.013838 
0.008773 -0.013941 
0.023591 -0.019537 
0.030371 -0.027496 
0.034384 -0.031217 
0.039294 -0.029588 
0.042461 -0.024305 
0.035539 -0.017770 
0.018722 -0.017250 
0.000660 -0.024768 
-0.010642 -0.031153 
-0.013838 -0.029203 
-0.013941 -0.018347 
-0.019537 -0.000596 
-0.027496 0.015398 
-0.031217 0.025854 
-0.029588 0.030684 
-0.024305 0.037431 
-0.017770 0.044765 
-0.017250 0.040989 
-0.024768 0.028433 
-0.031153 0.010077 
-0.029203 -0.003128 
-0.018347 -0.008502 
-0.000596 -0.009068 
0.015398 -0.013200 
0.025854 -0.021111 
0.030684 -0.027088 
0.037431 -0.028164 
0.044765 -0.023525 
0.040989 -0.015151 
0.028433 -0.011408 
0.010077 -0.016004 
-0.003128 -0.023986 
-0.008502 -0.025821 
-0.009068 -0.018897 
-0.013200 -0.003868 
-0.021111 0.013335 
-0.027088 0.024891 
-0.028164 0.031682 
-0.023525 0.038923 
-0.015151 0.046826 
-0.011408 0.049639 
-0.016004 0.040295 
-0.023986 0.024645 
-0.025821 0.008027 
-0.018897 -0.000037 
-0.003868 -0.000765 
0.013335 -0.004100 
0.024891 -0.010933 
0.031682 -0.018715 
0.038923 -0.023252 
0.046826 -0.021405 
0.049639 -0.013891 
0.040295 -0.008716 
0.024645 -0.010343 
0.008027 -0.018934 
-0.000037 -0.024710 
-0.000765 -0.022864 
-0.004100 -0.010629 
-0.010933 0.006405 
-0.018715 0.018624 
-0.023252 0.025748 
-0.021405 0.033152 
-0.013891 0.041873 
-0.008716 0.047311 
-0.010343 0.042520 
-0.018934 0.028811 
-0.024710 0.009989 
-0.022864 -0.000509 
-0.010629 -0.003518 
0.006405 -0.007569 
0.018624 -0.014333 
0.025748 -0.021930 
0.033152 -0.028484 
0.041873 -0.029050 
0.047311 -0.022785 
0.042520 -0.015856 
0.028811 -0.014493 
0.009989 -0.020753 
-0.000509 -0.029185 
-0.003518 -0.030863 
-0.007569 -0.022021 
-0.014333 -0.005468 
-0.021930 0.008868 
-0.028484 0.016939 
-0.029050 0.025479 
-0.022785 0.034897 
-0.015856 0.043665 
-0.014493 0.044762 
-0.020753 0.033525 
-0.029185 0.016584 
-0.030863 0.004558 
-0.022021 -0.001579 
-0.005468 -0.004535 
0.008868 -0.009383 
0.016939 -0.016678 
0.025479 -0.025067 
0.034897 -0.027674 
0.043665 -0.023595 
0.044762 -0.015031 
0.033525 -0.010951 
0.016584 -0.013599 
0.004558 -0.022083 
-0.001579 -0.027509 
-0.004535 -0.022840 
-0.009383 -0.007905 
-0.016678 0.006646 
-0.025067 0.016988 
-0.027674 0.024616 
-0.023595 0.033681 
-0.015031 0.044148 
-0.010951 0.049725 
-0.013599 0.042883 
-0.022083 0.026439 
-0.027509 0.012276 
-0.022840 0.004305 
-0.007905 0.000540 
0.006646 -0.003292 
0.016988 -0.010988 
0.024616 -0.020386 
0.033681 -0.027216 
0.044148 -0.025423 
0.049725 -0.018459 
0.042883 -0.011808 
0.026439 -0.012631 
0.012276 -0.020145 
0.004305 -0.028371 
0.000540 -0.028004 
-0.003292 -0.017005 
-0.010988 -0.003223 
-0.020386 0.008189 
-0.027216 0.016448 
-0.025423 0.026124 
-0.018459 0.037311 
-0.011808 0.047608 
-0.012631 0.045390 
-0.020145 0.031081 
-0.028371 0.016087 
-0.028004 0.005859 
-0.017005 0.000336 
-0.003223 -0.003099 
0.008189 -0.008999 
0.016448 -0.018388 
0.026124 -0.028011 
0.037311 -0.029724 
0.047608 -0.024223 
0.045390 -0.016575 
0.031081 -0.014487 
0.016087 -0.019391 
0.005859 -0.029750 
0.000336 -0.033390 
-0.003099 -0.026831 
-0.008999 -0.013307 
-0.018388 -0.000977 
-0.028011 0.008690 
-0.029724 0.016923 
-0.024223 0.028928 
-0.016575 0.041794 
-0.014487 0.045187 
-0.019391 0.036854 
-0.029750 0.022640 
-0.033390 0.010616 
-0.026831 0.003375 
-0.013307 -0.000151 
-0.000977 -0.004095 
0.008690 -0.012795 
0.016923 -0.023333 
0.028928 -0.027941 
0.041794 -0.024070 
0.045187 -0.016478 
0.036854 -0.010577 
0.022640 -0.011974 
0.010616 -0.021431 
0.003375 -0.028486 
-0.000151 -0.025725 
-0.004095 -0.014267 
-0.012795 -0.002110 
-0.023333 0.008001 
-0.027941 0.015519 
-0.024070 0.027423 
-0.016478 0.041781 
-0.010577 0.049791 
-0.011974 0.043962 
-0.021431 0.032528 
-0.028486 0.020531 
-0.025725 0.011067 
-0.014267 0.005970 
-0.002110 0.002963 
0.008001 -0.005527 
0.015519 -0.016733 
0.027423 -0.023642 
0.041781 -0.024056 
0.049791 -0.017268 
0.043962 -0.009361 
0.032528 -0.008176 
0.020531 -0.016600 
0.011067 -0.026474 
0.005970 -0.028095 
0.002963 -0.020395 
-0.005527 -0.008177 
-0.016733 0.001277 
-0.023642 0.008012 
-0.024056 0.017955 
-0.017268 0.032546 
-0.009361 0.043119 
-0.008176 0.042972 
-0.016600 0.033923 
-0.026474 0.020538 
-0.028095 0.009410 
-0.020395 0.004028 
-0.008177 0.001530 
0.001277 -0.005890 
0.008012 -0.017179 
0.017955 -0.026762 
0.032546 -0.030714 
0.043119 -0.026717 
0.042972 -0.017144 
0.033923 -0.012172 
0.020538 -0.017175 
0.009410 -0.026612 
0.004028 -0.031037 
0.001530 -0.027164 
-0.005890 -0.017067 
-0.017179 -0.006748 
-0.026762 0.000344 
-0.030714 0.010744 
-0.026717 0.026261 
-0.017144 0.039425 
-0.012172 0.044073 
-0.017175 0.038963 
-0.026612 0.027386 
-0.031037 0.015570 
-0.027164 0.009145 
-0.017067 0.005842 
-0.006748 0.000024 
0.000344 -0.010112 
0.010744 -0.021102 
0.026261 -0.028065 
0.039425 -0.026921 
0.044073 -0.017389 
0.038963 -0.009819 
0.027386 -0.011979 
0.015570 -0.020238 
0.009145 -0.027623 
0.005842 -0.026547 
0.000024 -0.016704 
-0.010112 -0.007728 
-0.021102 -0.001738 
-0.028065 0.006201 
-0.026921 0.020939 
-0.017389 0.036175 
-0.009819 0.045358 
-0.011979 0.045306 
-0.020238 0.035160 
-0.027623 0.022611 
-0.026547 0.015303 
-0.016704 0.010879 
-0.007728 0.006803 
-0.001738 -0.001978 
0.006201 -0.013911 
0.020939 -0.024357 
0.036175 -0.026609 
0.045358 -0.020226 
0.045306 -0.011887 
0.035160 -0.010351 
0.022611 -0.015849 
0.015303 -0.025256 
0.010879 -0.028040 
0.006803 -0.021040 
-0.001978 -0.012753 
-0.013911 -0.006309 
-0.024357 -0.000405 
-0.026609 0.012503 
-0.020226 0.028159 
-0.011887 0.040585 
-0.010351 0.044227 
-0.015849 0.038440 
-0.025256 0.026283 
-0.028040 0.016189 
-0.021040 0.011285 
-0.012753 0.006088 
-0.006309 -0.001010 
-0.000405 -0.011187 
0.012503 -0.024482 
0.028159 -0.031025 
0.040585 -0.026264 
0.044227 -0.018133 
0.038440 -0.012869 
0.026283 -0.016682 
0.016189 -0.025699 
0.011285 -0.030905 
0.006088 -0.027098 
-0.001010 -0.018405 
-0.011187 -0.012428 
-0.024482 -0.007351 
-0.031025 0.003366 
-0.026264 0.018628 
-0.018133 0.032688 
-0.012869 0.042136 
-0.016682 0.040145 
-0.025699 0.031061 
-0.030905 0.020681 
-0.027098 0.015725 
-0.018405 0.010679 
-0.012428 0.004801 
-0.007351 -0.004136 
0.003366 -0.017862 
0.018628 -0.026725 
0.032688 -0.026280 
0.042136 -0.018628 
0.040145 -0.011188 
0.031061 -0.009920 
0.020681 -0.018034 
0.015725 -0.026102 
0.010679 -0.025185 
0.004801 -0.017804 
-0.004136 -0.012338 
-0.017862 -0.007248 
-0.026725 0.001990 
-0.026280 0.014516 
-0.018628 0.031862 
-0.011188 0.044150 
-0.009920 0.046246 
-0.018034 0.038535 
-0.026102 0.029973 
-0.025185 0.022703 
-0.017804 0.016892 
-0.012338 0.013422 
-0.007248 0.005442 
0.001990 -0.008060 
0.014516 -0.019437 
0.031862 -0.023828 
0.044150 -0.019013 
0.046246 -0.010320 
0.038535 -0.007251 
0.029973 -0.013081 
0.022703 -0.022148 
0.016892 -0.024357 
0.013422 -0.020258 
0.005442 -0.014546 
-0.008060 -0.010576 
-0.019437 -0.004396 
-0.023828 0.006583 
-0.019013 0.022442 
-0.010320 0.037656 
-0.007251 0.043299 
-0.013081 0.038707 
-0.022148 0.030473 
-0.024357 0.022293 
-0.020258 0.016425 
-0.014546 0.013581 
-0.010576 0.006745 
-0.004396 -0.006648 
0.006583 -0.020406 
0.022442 -0.028133 
0.037656 -0.026565 
0.043299 -0.018101 
0.038707 -0.012028 
0.030473 -0.015581 
0.022293 -0.023952 
0.016425 -0.028106 
0.013581 -0.025495 
0.006745 -0.021173 
-0.006648 -0.018775 
-0.020406 -0.012912 
-0.028133 -0.003452 
-0.026565 0.011548 
-0.018101 0.028690 
-0.012028 0.038260 
-0.015581 0.038211 
-0.023952 0.032204 
-0.028106 0.024041 
-0.025495 0.017185 
-0.021173 0.014141 
-0.018775 0.009526 
-0.012912 -0.000882 
-0.003452 -0.015668 
0.011548 -0.027273 
0.028690 -0.029786 
0.038260 -0.022758 
0.038211 -0.014301 
0.032204 -0.014847 
0.024041 -0.022549 
0.017185 -0.027965 
0.014141 -0.027632 
0.009526 -0.024453 
-0.000882 -0.020993 
-0.015668 -0.016228 
-0.027273 -0.009453 
-0.029786 0.003172 
-0.022758 0.021151 
-0.014301 0.034839 
-0.014847 0.040271 
-0.022549 0.037734 
-0.027965 0.030201 
-0.027632 0.024048 
-0.024453 0.021125 
-0.020993 0.018276 
-0.016228 0.009919 
-0.009453 -0.004588 
0.003172 -0.016475 
0.021151 -0.023092 
0.034839 -0.019373 
0.040271 -0.010127 
0.037734 -0.007908 
0.030201 -0.013083 
0.024048 -0.019650 
0.021125 -0.021325 
0.018276 -0.019474 
0.009919 -0.016455 
-0.004588 -0.013216 
-0.016475 -0.010612 
-0.023092 -0.000197 
-0.019373 0.017029 
-0.010127 0.032601 
-0.007908 0.040581 
-0.013083 0.041167 
-0.019650 0.034164 
-0.021325 0.027409 
-0.019474 0.022701 
-0.016455 0.019738 
-0.013216 0.013328 
-0.010612 0.000426 
-0.000197 -0.015686 
0.017029 -0.025920 
0.032601 -0.025195 
0.040581 -0.017765 
0.041167 -0.012367 
0.034164 -0.015498 
0.027409 -0.022359 
0.022701 -0.025608 
0.019738 -0.025249 
0.013328 -0.022259 
0.000426 -0.019580 
-0.015686 -0.018451 
-0.025920 -0.009689 
-0.025195 0.005556 
-0.017765 0.022038 
-0.012367 0.033744 
-0.015498 0.037508 
-0.022359 0.033989 
-0.025608 0.026866 
-0.025249 0.023263 
-0.022259 0.021074 
-0.019580 0.016872 
-0.018451 0.006917 
-0.009689 -0.008636 
0.005556 -0.022564 
0.022038 -0.025458 
0.033744 -0.018839 
0.037508 -0.012178 
0.033989 -0.013978 
0.026866 -0.018847 
0.023263 -0.023197 
0.021074 -0.023665 
0.016872 -0.021289 
0.006917 -0.019442 
-0.008636 -0.018491 
-0.022564 -0.013363 
-0.025458 -0.000316 
-0.018839 0.016421 
-0.012178 0.031632 
-0.013978 0.039135 
-0.018847 0.038153 
-0.023197 0.031373 
-0.023665 0.027008 
-0.021289 0.025980 
-0.019442 0.023490 
-0.018491 0.016143 
-0.013363 0.001809 
-0.000316 -0.014428 
0.016421 -0.022674 
0.031632 -0.018819 
0.039135 -0.011810 
0.038153 -0.010883 
0.031373 -0.014580 
0.027008 -0.019236 
0.025980 -0.022397 
0.023490 -0.019857 
0.016143 -0.018649 
0.001809 -0.018606 
-0.014428 -0.016023 
-0.022674 -0.005520 
-0.018819 0.010083 
-0.011810 0.026715 
-0.010883 0.037986 
-0.014580 0.040181 
-0.019236 0.035073 
-0.022397 0.031079 
-0.019857 0.028313 
-0.018649 0.026909 
-0.018606 0.022514 
-0.016023 0.010995 
-0.005520 -0.007410 
0.010083 -0.020205 
0.026715 -0.019614 
0.037986 -0.014636 
0.040181 -0.012045 
0.035073 -0.013166 
0.031079 -0.019308 
0.028313 -0.022886 
0.026909 -0.023763 
0.022514 -0.022597 
0.010995 -0.023489 
-0.007410 -0.022303 
-0.020205 -0.016319 
-0.019614 -0.002806 
-0.014636 0.014243 
-0.012045 0.028198 
-0.013166 0.033645 
-0.019308 0.031102 
-0.022886 0.026310 
-0.023763 0.023410 
-0.022597 0.022254 
-0.023489 0.021084 
-0.022303 0.012148 
-0.016319 -0.005854 
-0.002806 -0.020360 
0.014243 -0.025187 
0.028198 -0.022212 
0.033645 -0.018119 
0.031102 -0.016871 
0.026310 -0.021026 
0.023410 -0.025587 
0.022254 -0.025205 
0.021084 -0.023476 
0.012148 -0.025058 
-0.005854 -0.025681 
-0.020360 -0.021137 
-0.025187 -0.011424 
-0.022212 0.005738 
-0.018119 0.022101 
-0.016871 0.031510 
-0.021026 0.033604 
-0.025587 0.029418 
-0.025205 0.025115 
-0.023476 0.025266 
-0.025058 0.026636 
-0.025681 0.020855 
-0.021137 0.005693 
-0.011424 -0.011309 
0.005738 -0.019894 
0.022101 -0.019034 
0.031510 -0.014944 
0.033604 -0.012699 
0.029418 -0.016136 
0.025115 -0.020892 
0.025266 -0.021366 
0.026636 -0.020101 
0.020855 -0.019744 
0.005693 -0.021383 
-0.011309 -0.020656 
-0.019894 -0.014705 
-0.019034 0.000410 
-0.014944 0.018289 
-0.012699 0.030906 
-0.016136 0.035205 
-0.020892 0.033878 
-0.021366 0.030141 
-0.020101 0.028471 
-0.019744 0.030116 
-0.021383 0.027895 
-0.020656 0.014561 
-0.014705 -0.003292 
0.000410 -0.015668 
0.018289 -0.018369 
0.030906 -0.013847 
0.035205 -0.011324 
0.033878 -0.013827 
0.030141 -0.019069 
0.028471 -0.020517 
0.030116 -0.020306 
0.027895 -0.020841 
0.014561 -0.022414 
-0.003292 -0.023710 
-0.015668 -0.019782 
-0.018369 -0.007478 
-0.013847 0.009923 
-0.011324 0.024751 
-0.013827 0.032892 
-0.019069 0.033914 
-0.020517 0.029327 
-0.020306 0.027199 
-0.020841 0.030506 
-0.022414 0.030253 
-0.023710 0.019769 
-0.019782 0.003907 
-0.007478 -0.011169 
0.009923 -0.018748 
0.024751 -0.017304 
0.032892 -0.014032 
0.033914 -0.014213 
0.029327 -0.018194 
0.027199 -0.019832 
0.030506 -0.019943 
0.030253 -0.020765 
0.019769 -0.022564 
0.003907 -0.024127 
-0.011169 -0.023067 
-0.018748 -0.014534 
-0.017304 0.001831 
-0.014032 0.017449 
-0.014213 0.028729 
-0.018194 0.032629 
-0.019832 0.029310 
-0.019943 0.027064 
-0.020765 0.029567 
-0.022564 0.032602 
-0.024127 0.026726 
-0.023067 0.012961 
-0.014534 -0.004428 
0.001831 -0.015951 
0.017449 -0.016995 
0.028729 -0.012169 
0.032629 -0.012545 
0.029310 -0.015407 
0.027064 -0.017698 
0.029567 -0.018719 
0.032602 -0.018478 
0.026726 -0.019262 
0.012961 -0.022874 
-0.004428 -0.024712 
-0.015951 -0.018723 
-0.016995 -0.004151 
-0.012169 0.011498 
-0.012545 0.025688 
-0.015407 0.033561 
-0.017698 0.031198 
-0.018719 0.028351 
-0.018478 0.030136 
-0.019262 0.034430 
-0.022874 0.032709 
-0.024712 0.021727 
-0.018723 0.004960 
-0.004151 -0.009626 
0.011498 -0.014720 
0.025688 -0.011497 
0.033561 -0.011094 
0.031198 -0.014535 
0.028351 -0.016477 
0.030136 -0.017930 
0.034430 -0.017591 
0.032709 -0.018217 
0.021727 -0.021090 
0.004960 -0.026305 
-0.009626 -0.023090 
-0.014720 -0.013356 
-0.011497 0.001413 
-0.011094 0.017788 
-0.014535 0.027826 
-0.016477 0.028421 
-0.017930 0.025466 
-0.017591 0.026627 
-0.018217 0.031576 
-0.021090 0.033284 
-0.026305 0.025776 
-0.023090 0.009758 
-0.013356 -0.006195 
0.001413 -0.013613 
0.017788 -0.013466 
0.027826 -0.012231 
0.028421 -0.014565 
0.025466 -0.016293 
0.026627 -0.017842 
0.031576 -0.017765 
0.033284 -0.016928 
0.025776 -0.019302 
0.009758 -0.025013 
-0.006195 -0.025172 
-0.013613 -0.018951 
-0.013466 -0.006449 
-0.012231 0.010460 
-0.014565 0.025292 
-0.016293 0.028994 
-0.017842 0.025767 
-0.017765 0.025421 
-0.016928 0.029478 
-0.019302 0.033592 
-0.025013 0.030847 
-0.025172 0.016661 
-0.018951 -0.001417 
-0.006449 -0.012577 
0.010460 -0.014725 
0.025292 -0.014183 
0.028994 -0.014622 
0.025767 -0.017166 
0.025421 -0.020404 
0.029478 -0.020844 
0.033592 -0.019200 
0.030847 -0.020618 
0.016661 -0.025653 
-0.001417 -0.028127 
-0.012577 -0.025141 
-0.014725 -0.015952 
-0.014183 0.001221 
-0.014622 0.016701 
-0.017166 0.023987 
-0.020404 0.023779 
-0.020844 0.023296 
-0.019200 0.026278 
-0.020618 0.032445 
-0.025653 0.033955 
-0.028127 0.023821 
-0.025141 0.006839 
-0.015952 -0.007217 
0.001221 -0.012833 
0.016701 -0.013155 
0.023987 -0.013131 
0.023779 -0.014392 
0.023296 -0.017807 
0.026278 -0.018696 
0.032445 -0.018013 
0.033955 -0.019510 
0.023821 -0.023255 
0.006839 -0.026491 
-0.007217 -0.026572 
-0.012833 -0.020366 
-0.013155 -0.005710 
-0.013131 0.010271 
-0.014392 0.020970 
-0.017807 0.023485 
-0.018696 0.022252 
-0.018013 0.024532 
-0.019510 0.031358 
-0.023255 0.034783 
-0.026491 0.028736 
-0.026572 0.012755 
-0.020366 -0.002552 
-0.005710 -0.010980 
0.010271 -0.013999 
0.020970 -0.014120 
0.023485 -0.015221 
0.022252 -0.019302 
0.024532 -0.019636 
0.031358 -0.017387 
0.034783 -0.018902 
0.028736 -0.022421 
0.012755 -0.026171 
-0.002552 -0.028947 
-0.010980 -0.025373 
-0.013999 -0.013296 
-0.014120 0.003631 
-0.015221 0.016375 
-0.019302 0.021285 
-0.019636 0.021415 
-0.017387 0.022921 
-0.018902 0.029223 
-0.022421 0.036781 
-0.026171 0.035625 
-0.028947 0.023851 
-0.025373 0.007367 
-0.013296 -0.003767 
0.003631 -0.008798 
0.016375 -0.008543 
0.021285 -0.009517 
0.021415 -0.013575 
0.022921 -0.015980 
0.029223 -0.014106 
0.036781 -0.013901 
0.035625 -0.016024 
0.023851 -0.019523 
0.007367 -0.024533 
-0.003767 -0.025995 
-0.008798 -0.016299 
-0.008543 -0.000067 
-0.009517 0.014583 
-0.013575 0.022122 
-0.015980 0.022591 
-0.014106 0.023248 
-0.013901 0.027708 
-0.016024 0.036909 
-0.019523 0.039539 
-0.024533 0.030112 
-0.025995 0.015166 
-0.016299 0.001430 
-0.000067 -0.006874 
0.014583 -0.007827 
0.022122 -0.008798 
0.022591 -0.013107 
0.023248 -0.015785 
0.027708 -0.015504 
0.036909 -0.014631 
0.039539 -0.015808 
0.030112 -0.018422 
0.015166 -0.024121 
0.001430 -0.028470 
-0.006874 -0.024072 
-0.007827 -0.009823 
-0.008798 0.006194 
-0.013107 0.017763 
-0.015785 0.020881 
-0.015504 0.019826 
-0.014631 0.022866 
-0.015808 0.031985 
-0.018422 0.037773 
-0.024121 0.033242 
-0.028470 0.021378 
-0.024072 0.006468 
-0.009823 -0.004171 
0.006194 -0.007404 
0.017763 -0.008632 
0.020881 -0.012989 
0.019826 -0.016031 
0.022866 -0.016355 
0.031985 -0.015067 
0.037773 -0.015920 
0.033242 -0.016792 
0.021378 -0.022284 
0.006468 -0.028266 
-0.004171 -0.027529 
-0.007404 -0.016270 
-0.008632 -0.000748 
-0.012989 0.012281 
-0.016031 0.018497 
-0.016355 0.017535 
-0.015067 0.019629 
-0.015920 0.027984 
-0.016792 0.036109 
-0.022284 0.035850 
-0.028266 0.026728 
-0.027529 0.011612 
-0.016270 -0.001266 
-0.000748 -0.005912 
0.012281 -0.008415 
0.018497 -0.012352 
0.017535 -0.015765 
0.019629 -0.016467 
0.027984 -0.016738 
0.036109 -0.016087 
0.035850 -0.016001 
0.026728 -0.021075 
0.011612 -0.027736 
-0.001266 -0.030142 
-0.005912 -0.023262 
-0.008415 -0.008797 
-0.012352 0.006554 
-0.015765 0.016206 
-0.016467 0.015367 
-0.016738 0.016280 
-0.016087 0.024626 
-0.016001 0.033567 
-0.021075 0.038115 
-0.027736 0.032891 
-0.030142 0.019013 
-0.023262 0.005091 
-0.008797 -0.002975 
0.006554 -0.006318 
0.016206 -0.009995 
0.015367 -0.013036 
0.016280 -0.016299 
0.024626 -0.016716 
0.033567 -0.015976 
0.038115 -0.015582 
0.032891 -0.018656 
0.019013 -0.025650 
0.005091 -0.030888 
-0.002975 -0.028355 
-0.006318 -0.017131 
-0.009995 -0.000110 
-0.013036 0.011370 
-0.016299 0.012315 
-0.016716 0.012818 
-0.015976 0.018599 
-0.015582 0.027877 
-0.018656 0.035913 
-0.025650 0.035361 
-0.030888 0.023876 
-0.028355 0.009407 
-0.017131 0.000699 
-0.000110 -0.003889 
0.011370 -0.009032 
0.012315 -0.012670 
0.012818 -0.015803 
0.018599 -0.017390 
0.027877 -0.017469 
0.035913 -0.014972 
0.035361 -0.016608 
0.023876 -0.022312 
0.009407 -0.029488 
0.000699 -0.031059 
-0.003889 -0.023763 
-0.009032 -0.006209 
-0.012670 0.007905 
-0.015803 0.011284 
-0.017390 0.012868 
-0.017469 0.016535 
-0.014972 0.024415 
-0.016608 0.034856 
-0.022312 0.039116 
-0.029488 0.031933 
-0.031059 0.018094 
-0.023763 0.008166 
-0.006209 0.000647 
0.007905 -0.004828 
0.011284 -0.008466 
0.012868 -0.012278 
0.016535 -0.015423 
0.024415 -0.015716 
0.034856 -0.013400 
0.039116 -0.013787 
0.031933 -0.019153 
0.018094 -0.024727 
0.008166 -0.030253 
0.000647 -0.026342 
-0.004828 -0.011806 
-0.008466 0.003283 
-0.012278 0.010575 
-0.015423 0.012141 
-0.015716 0.014340 
-0.013400 0.020256 
-0.013787 0.031102 
-0.019153 0.038278 
-0.024727 0.034714 
-0.030253 0.023895 
-0.026342 0.012812 
-0.011806 0.003627 
0.003283 -0.003247 
0.010575 -0.007693 
0.012141 -0.012089 
0.014340 -0.015619 
0.020256 -0.016072 
0.031102 -0.013346 
0.038278 -0.013230 
0.034714 -0.016495 
0.023895 -0.022360 
0.012812 -0.030133 
0.003627 -0.029925 
-0.003247 -0.018053 
-0.007693 -0.002008 
-0.012089 0.007397 
-0.015619 0.011157 
-0.016072 0.013277 
-0.013346 0.018649 
-0.013230 0.029369 
-0.016495 0.039491 
-0.022360 0.039555 
-0.030133 0.031769 
-0.029925 0.020924 
-0.018053 0.011830 
-0.002008 0.004071 
0.007397 -0.001232 
0.011157 -0.005618 
0.013277 -0.012031 
0.018649 -0.014412 
0.029369 -0.012646 
0.039491 -0.011584 
0.039555 -0.011942 
0.031769 -0.017781 
0.020924 -0.027287 
0.011830 -0.031228 
0.004071 -0.023948 
-0.001232 -0.008450 
-0.005618 0.003362 
-0.012031 0.008880 
-0.014412 0.010190 
-0.012646 0.011749 
-0.011584 0.021680 
-0.011942 0.034523 
-0.017781 0.038511 
-0.027287 0.033251 
-0.031228 0.023297 
-0.023948 0.013547 
-0.008450 0.005069 
0.003362 -0.000701 
0.008880 -0.005058 
0.010190 -0.011565 
0.011749 -0.015249 
0.021680 -0.016118 
0.034523 -0.014937 
0.038511 -0.012778 
0.033251 -0.016888 
0.023297 -0.027072 
0.013547 -0.033787 
0.005069 -0.029443 
-0.000701 -0.018144 
-0.005058 -0.004173 
-0.011565 0.004826 
-0.015249 0.006453 
-0.016118 0.007084 
-0.014937 0.015193 
-0.012778 0.027887 
-0.016888 0.035515 
-0.027072 0.034251 
-0.033787 0.027548 
-0.029443 0.016580 
-0.018144 0.006839 
-0.004173 0.001020 
0.004826 -0.004365 
0.006453 -0.011099 
0.007084 -0.015634 
0.015193 -0.017961 
0.027887 -0.017346 
0.035515 -0.015052 
0.034251 -0.016934 
0.027548 -0.025691 
0.016580 -0.034075 
0.006839 -0.034663 
0.001020 -0.025973 
-0.004365 -0.012409 
-0.011099 -0.001256 
-0.015634 0.001839 
-0.017961 0.002133 
-0.017346 0.007854 
-0.015052 0.020528 
-0.016934 0.030266 
-0.025691 0.033386 
-0.034075 0.029653 
-0.034663 0.020937 
-0.025973 0.010903 
-0.012409 0.004641 
-0.001256 -0.001253 
0.001839 -0.007557 
0.002133 -0.012364 
0.007854 -0.015957 
0.020528 -0.015437 
0.030266 -0.012213 
0.033386 -0.010934 
0.029653 -0.018023 
0.020937 -0.027750 
0.010903 -0.031792 
0.004641 -0.026944 
-0.001253 -0.013575 
-0.007557 -0.000578 
-0.012364 0.004929 
-0.015957 0.004381 
-0.015437 0.008561 
-0.012213 0.021006 
-0.010934 0.031018 
-0.018023 0.037239 
-0.027750 0.036416 
-0.031792 0.028699 
-0.026944 0.018513 
-0.013575 0.011619 
-0.000578 0.005034 
0.004929 -0.001458 
0.004381 -0.006877 
0.008561 -0.012047 
0.021006 -0.013663 
0.031018 -0.010159 
0.037239 -0.007298 
0.036416 -0.012696 
0.028699 -0.022356 
0.018513 -0.030245 
0.011619 -0.028810 
0.005034 -0.018305 
-0.001458 -0.004261 
-0.006877 0.004195 
-0.012047 0.003730 
-0.013663 0.005404 
-0.010159 0.014873 
-0.007298 0.026552 
-0.012696 0.035606 
-0.022356 0.038698 
-0.030245 0.033764 
-0.028810 0.024662 
-0.018305 0.017429 
-0.004261 0.010312 
0.004195 0.003483 
0.003730 -0.002192 
0.005404 -0.009390 
0.014873 -0.013343 
0.026552 -0.011138 
0.035606 -0.007303 
0.038698 -0.009512 
0.033764 -0.018191 
0.024662 -0.028265 
0.017429 -0.031373 
0.010312 -0.024225 
0.003483 -0.010498 
-0.002192 -0.000730 
-0.009390 0.000788 
-0.013343 0.001796 
-0.011138 0.008348 
-0.007303 0.018621 
-0.009512 0.030239 
-0.018191 0.035715 
-0.028265 0.033630 
-0.031373 0.026863 
-0.024225 0.018964 
-0.010498 0.011661 
-0.000730 0.004520 
0.000788 -0.001281 
0.001796 -0.008448 
0.008348 -0.015473 
0.018621 -0.013913 
0.030239 -0.009424 
0.035715 -0.009629 
0.033630 -0.016490 
0.026863 -0.026672 
0.018964 -0.033554 
0.011661 -0.030735 
0.004520 -0.018607 
-0.001281 -0.007547 
-0.008448 -0.004693 
-0.015473 -0.003384 
-0.013913 0.001453 
-0.009424 0.009835 
-0.009629 0.021917 
-0.016490 0.030719 
-0.026672 0.032272 
-0.033554 0.028765 
-0.030735 0.021042 
-0.018607 0.012862 
-0.007547 0.005688 
-0.004693 -0.000237 
-0.003384 -0.007968 
0.001453 -0.014694 
0.009835 -0.015836 
0.021917 -0.012269 
0.030719 -0.010238 
0.032272 -0.014355 
0.028765 -0.024043 
0.021042 -0.032711 
0.012862 -0.034209 
0.005688 -0.023601 
-0.000237 -0.012398 
-0.007968 -0.006598 
-0.014694 -0.005799 
-0.015836 -0.003145 
-0.012269 0.004726 
-0.010238 0.016278 
-0.014355 0.027255 
-0.024043 0.031670 
-0.032711 0.030346 
-0.034209 0.024624 
-0.023601 0.017315 
-0.012398 0.010008 
-0.006598 0.005224 
-0.005799 -0.002916 
-0.003145 -0.011232 
0.004726 -0.014367 
0.016278 -0.011728 
0.027255 -0.007806 
0.031670 -0.009598 
0.030346 -0.017300 
0.024624 -0.029017 
0.017315 -0.034085 
0.010008 -0.026012 
0.005224 -0.014542 
-0.002916 -0.007273 
-0.011232 -0.003785 
-0.014367 -0.002396 
-0.011728 0.003351 
-0.007806 0.014088 
-0.009598 0.025886 
-0.017300 0.032356 
-0.029017 0.034813 
-0.034085 0.031661 
-0.026012 0.023512 
-0.014542 0.017827 
-0.007273 0.012316 
-0.003785 0.004760 
-0.002396 -0.005352 
0.003351 -0.009956 
0.014088 -0.008674 
0.025886 -0.005360 
0.032356 -0.004313 
0.034813 -0.009707 
0.031661 -0.022768 
0.023512 -0.030312 
0.017827 -0.026171 
0.012316 -0.017028 
0.004760 -0.008426 
-0.005352 -0.003005 
-0.009956 -0.002100 
-0.008674 0.000369 
-0.005360 0.009672 
-0.004313 0.022584 
-0.009707 0.030953 
-0.022768 0.035475 
-0.030312 0.034241 
-0.026171 0.028277 
-0.017028 0.022509 
-0.008426 0.017516 
-0.003005 0.009030 
-0.002100 -0.000952 
0.000369 -0.008810 
0.009672 -0.010687 
0.022584 -0.007423 
0.030953 -0.004066 
0.035475 -0.007742 
0.034241 -0.019546 
0.028277 -0.029656 
0.022509 -0.030603 
0.017516 -0.023729 
0.009030 -0.013621 
-0.000952 -0.006952 
-0.008810 -0.006192 
-0.010687 -0.005498 
-0.007423 0.002137 
-0.004066 0.013429 
-0.007742 0.024320 
-0.019546 0.030891 
-0.029656 0.033067 
-0.030603 0.028281 
-0.023729 0.022340 
-0.013621 0.018184 
-0.006952 0.011281 
-0.006192 0.001012 
-0.005498 -0.008178 
0.002137 -0.011994 
0.013429 -0.010781 
0.024320 -0.005338 
0.030891 -0.006014 
0.033067 -0.016131 
0.028281 -0.027377 
0.022340 -0.032122 
0.018184 -0.027967 
0.011281 -0.019177 
0.001012 -0.010876 
-0.008178 -0.009567 
-0.011994 -0.008564 
-0.010781 -0.003870 
-0.005338 0.006003 
-0.006014 0.016788 
-0.016131 0.025765 
-0.027377 0.030199 
-0.032122 0.027530 
-0.027967 0.023281 
-0.019177 0.018820 
-0.010876 0.012940 
-0.009567 0.003064 
-0.008564 -0.006695 
-0.003870 -0.013318 
0.006003 -0.014472 
0.016788 -0.008992 
0.025765 -0.006362 
0.030199 -0.013019 
0.027530 -0.024945 
0.023281 -0.033282 
0.018820 -0.032160 
0.012940 -0.023511 
0.003064 -0.014611 
-0.006695 -0.011775 
-0.013318 -0.011336 
-0.014472 -0.006811 
-0.008992 0.000576 
-0.006362 0.011537 
-0.013019 0.022116 
-0.024945 0.029539 
-0.033282 0.028914 
-0.032160 0.026011 
-0.023511 0.023821 
-0.014611 0.018401 
-0.011775 0.010298 
-0.011336 0.000761 
-0.006811 -0.008839 
0.000576 -0.012285 
0.011537 -0.007665 
0.022116 -0.002985 
0.029539 -0.005619 
0.028914 -0.017770 
0.026011 -0.026877 
0.023821 -0.030176 
0.018401 -0.023831 
0.010298 -0.014781 
0.000761 -0.009053 
-0.008839 -0.008268 
-0.012285 -0.006116 
-0.007665 -0.000384 
-0.002985 0.008994 
-0.005619 0.021124 
-0.017770 0.030644 
-0.026877 0.031973 
-0.030176 0.031031 
-0.023831 0.029048 
-0.014781 0.024726 
-0.009053 0.018100 
-0.008268 0.008730 
-0.006116 -0.001665 
-0.000384 -0.008025 
0.008994 -0.005676 
0.021124 0.000627 
0.030644 -0.000370 
0.031973 -0.008884 
0.031031 -0.020231 
0.029048 -0.027054 
0.024726 -0.024521 
0.018100 -0.014903 
0.008730 -0.008619 
-0.001665 -0.008398 
-0.008025 -0.006073 
-0.005676 -0.001880 
0.000627 0.005037 
-0.000370 0.016815 
-0.008884 0.027241 
-0.020231 0.030136 
-0.027054 0.031435 
-0.024521 0.031052 
-0.014903 0.027509 
-0.008619 0.021805 
-0.008398 0.012849 
-0.006073 0.001928 
-0.001880 -0.008246 
0.005037 -0.008965 
0.016815 -0.004748 
0.027241 -0.002505 
0.030136 -0.008475 
0.031435 -0.019684 
0.031052 -0.029174 
0.027509 -0.029882 
0.021805 -0.022998 
0.012849 -0.016979 
0.001928 -0.014151 
-0.008246 -0.011742 
-0.008965 -0.009845 
-0.004748 -0.005320 
-0.002505 0.005929 
-0.008475 0.016427 
-0.019684 0.022773 
-0.029174 0.026104 
-0.029882 0.026771 
-0.022998 0.024053 
-0.016979 0.019780 
-0.014151 0.013506 
-0.011742 0.002625 
-0.009845 -0.008630 
-0.005320 -0.010996 
0.005929 -0.008287 
0.016427 -0.004964 
0.022773 -0.007798 
0.026104 -0.017259 
0.026771 -0.028198 
0.024053 -0.031399 
0.019780 -0.025879 
0.013506 -0.020591 
0.002625 -0.016888 
-0.008630 -0.013711 
-0.010996 -0.011388 
-0.008287 -0.008354 
-0.004964 0.001865 
-0.007798 0.013304 
-0.017259 0.020821 
-0.028198 0.025364 
-0.031399 0.028449 
-0.025879 0.027785 
-0.020591 0.025914 
-0.016888 0.020699 
-0.013711 0.010079 
-0.011388 -0.001933 
-0.008354 -0.007577 
0.001865 -0.005854 
0.013304 -0.001378 
0.020821 -0.000907 
0.025364 -0.009177 
0.028449 -0.020385 
0.027785 -0.026654 
0.025914 -0.023553 
0.020699 -0.018419 
0.010079 -0.013733 
-0.001933 -0.010416 
-0.007577 -0.010183 
-0.005854 -0.007708 
-0.001378 0.000239 
-0.000907 0.010861 
-0.009177 0.019936 
-0.020385 0.025870 
-0.026654 0.029493 
-0.023553 0.029354 
-0.018419 0.029410 
-0.013733 0.026046 
-0.010416 0.016322 
-0.010183 0.003878 
-0.007708 -0.005216 
0.000239 -0.007147 
0.010861 -0.001718 
0.019936 0.000607 
0.025870 -0.005010 
0.029493 -0.016848 
0.029354 -0.026289 
0.029410 -0.026795 
0.026046 -0.022123 
0.016322 -0.017137 
0.003878 -0.012889 
-0.005216 -0.013219 
-0.007147 -0.012849 
-0.001718 -0.005455 
0.000607 0.004061 
-0.005010 0.014086 
-0.016848 0.021422 
-0.026289 0.025755 
-0.026795 0.027155 
-0.022123 0.028049 
-0.017137 0.027442 
-0.012889 0.020032 
-0.013219 0.008134 
-0.012849 -0.002418 
-0.005455 -0.006709 
0.004061 -0.004911 
0.014086 -0.000262 
0.021422 -0.003603 
0.025755 -0.014435 
0.027155 -0.024163 
0.028049 -0.027139 
0.027442 -0.025666 
0.020032 -0.021084 
0.008134 -0.016485 
-0.002418 -0.014540 
-0.006709 -0.014601 
-0.004911 -0.009343 
-0.000262 -0.001598 
-0.003603 0.008579 
-0.014435 0.017765 
-0.024163 0.023414 
-0.027139 0.025933 
-0.025666 0.028544 
-0.021084 0.029530 
-0.016485 0.025357 
-0.014540 0.014798 
-0.014601 0.002300 
-0.009343 -0.005083 
-0.001598 -0.004362 
0.008579 0.001290 
0.017765 0.000719 
0.023414 -0.008436 
0.025933 -0.018004 
0.028544 -0.023865 
0.029530 -0.024104 
0.025357 -0.020789 
0.014798 -0.015951 
0.002300 -0.014175 
-0.005083 -0.014810 
-0.004362 -0.010163 
0.001290 -0.004898 
0.000719 0.003895 
-0.008436 0.014289 
-0.018004 0.021156 
-0.023865 0.024107 
-0.024104 0.027710 
-0.020789 0.031265 
-0.015951 0.028856 
-0.014175 0.021015 
-0.014810 0.007860 
-0.010163 -0.002215 
-0.004898 -0.004586 
0.003895 0.000660 
0.014289 0.001728 
0.021156 -0.004908 
0.024107 -0.014994 
0.027710 -0.022595 
0.031265 -0.026658 
0.028856 -0.023706 
0.021015 -0.019310 
0.007860 -0.017194 
-0.002215 -0.016878 
-0.004586 -0.016096 
0.000660 -0.010753 
0.001728 -0.002949 
-0.004908 0.007210 
-0.014994 0.014462 
-0.022595 0.018483 
-0.026658 0.022326 
-0.023706 0.027519 
-0.019310 0.028940 
-0.017194 0.023443 
-0.016878 0.012192 
-0.016096 -0.000764 
-0.010753 -0.006493 
-0.002949 -0.002840 
0.007210 0.001220 
0.014462 -0.002966 
0.018483 -0.011437 
0.022326 -0.020520 
0.027519 -0.026777 
0.028940 -0.024929 
0.023443 -0.019402 
0.012192 -0.016983 
-0.000764 -0.015997 
-0.006493 -0.014700 
-0.002840 -0.011760 
0.001220 -0.004966 
-0.002966 0.005234 
-0.011437 0.013628 
-0.020520 0.019318 
-0.026777 0.023808 
-0.024929 0.029320 
-0.019402 0.032805 
-0.016983 0.030610 
-0.015997 0.022025 
-0.014700 0.007829 
-0.011760 -0.000591 
-0.004966 0.000498 
0.005234 0.004556 
0.013628 0.003371 
0.019318 -0.002977 
0.023808 -0.012301 
0.029320 -0.020276 
0.032805 -0.021632 
0.030610 -0.017412 
0.022025 -0.014470 
0.007829 -0.013520 
-0.000591 -0.012268 
0.000498 -0.011421 
0.004556 -0.006628 
0.003371 0.002727 
-0.002977 0.010798 
-0.012301 0.016899 
-0.020276 0.021776 
-0.021632 0.027355 
-0.017412 0.031597 
-0.014470 0.032965 
-0.013520 0.025892 
-0.012268 0.011971 
-0.011421 0.001091 
-0.006628 -0.000857 
0.002727 0.001254 
0.010798 0.001513 
0.016899 -0.002036 
0.021776 -0.011888 
0.027355 -0.020855 
0.031597 -0.025087 
0.032965 -0.024099 
0.025892 -0.021391 
0.011971 -0.018941 
0.001091 -0.018857 
-0.000857 -0.017949 
0.001254 -0.014886 
0.001513 -0.007705 
-0.002036 0.001532 
-0.011888 0.007413 
-0.020855 0.012933 
-0.025087 0.019115 
-0.024099 0.024604 
-0.021391 0.028976 
-0.018941 0.026255 
-0.018857 0.013703 
-0.017949 0.000884 
-0.014886 -0.003977 
-0.007705 -0.002891 
0.001532 -0.002078 
0.007413 -0.003154 
0.012933 -0.010658 
0.019115 -0.020853 
0.024604 -0.026845 
0.028976 -0.026178 
0.026255 -0.024218 
0.013703 -0.021582 
0.000884 -0.021014 
-0.003977 -0.020284 
-0.002891 -0.018018 
-0.002078 -0.010839 
-0.003154 -0.001864 
-0.010658 0.004226 
-0.020853 0.010697 
-0.026845 0.016009 
-0.026178 0.022569 
-0.024218 0.030680 
-0.021582 0.031536 
-0.021014 0.021095 
-0.020284 0.008749 
-0.018018 0.001769 
-0.010839 0.001589 
-0.001864 0.003433 
0.004226 0.003721 
0.010697 -0.001448 
0.016009 -0.010884 
0.022569 -0.018298 
0.030680 -0.019776 
0.031536 -0.018595 
0.021095 -0.016211 
0.008749 -0.014079 
0.001769 -0.014557 
0.001589 -0.014165 
0.003433 -0.008423 
0.003721 -0.001171 
-0.001448 0.005298 
-0.010884 0.012241 
-0.018298 0.016400 
-0.019776 0.022761 
-0.018595 0.031267 
-0.016211 0.035448 
-0.014079 0.028487 
-0.014557 0.016259 
-0.014165 0.006651 
-0.008423 0.002563 
-0.001171 0.003536 
0.005298 0.005263 
0.012241 0.001782 
0.016400 -0.007659 
0.022761 -0.015984 
0.031267 -0.019819 
0.035448 -0.021001 
0.028487 -0.019913 
0.016259 -0.016651 
0.006651 -0.018249 
0.002563 -0.018110 
0.003536 -0.014421 
0.005263 -0.007717 
0.001782 -0.000598 
-0.007659 0.006583 
-0.015984 0.010389 
-0.019819 0.015677 
-0.021001 0.025603 
-0.019913 0.033141 
-0.016651 0.029716 
-0.018249 0.019881 
-0.018110 0.009172 
-0.014421 0.002795 
-0.007717 0.002529 
-0.000598 0.004831 
0.006583 0.003230 
0.010389 -0.004607 
0.015677 -0.014071 
0.025603 -0.019947 
0.033141 -0.021712 
0.029716 -0.020091 
0.019881 -0.018400 
0.009172 -0.019465 
0.002795 -0.019802 
0.002529 -0.016332 
0.004831 -0.011823 
0.003230 -0.003904 
-0.004607 0.002490 
-0.014071 0.006982 
-0.019947 0.011998 
-0.021712 0.022541 
-0.020091 0.031571 
-0.018400 0.032153 
-0.019465 0.024726 
-0.019802 0.014645 
-0.016332 0.005655 
-0.011823 0.003439 
-0.003904 0.005238 
0.002490 0.005634 
0.006982 -0.001318 
0.011998 -0.008693 
0.022541 -0.016128 
0.031571 -0.020618 
0.032153 -0.019203 
0.024726 -0.018403 
0.014645 -0.018605 
0.005655 -0.018795 
0.003439 -0.017141 
0.005238 -0.013178 
0.005634 -0.006876 
-0.001318 -0.000311 
-0.008693 0.004002 
-0.016128 0.007594 
-0.020618 0.017092 
-0.019203 0.028451 
-0.018403 0.033088 
-0.018605 0.028463 
-0.018795 0.018166 
-0.017141 0.007985 
-0.013178 0.003139 
-0.006876 0.004754 
-0.000311 0.004819 
0.004002 0.001410 
0.007594 -0.005882 
0.017092 -0.014416 
0.028451 -0.019928 
0.033088 -0.021737 
0.028463 -0.019081 
0.018166 -0.019812 
0.007985 -0.020705 
0.003139 -0.019956 
0.004754 -0.018387 
0.004819 -0.012849 
0.001410 -0.005124 
-0.005882 -0.001017 
-0.014416 0.001749 
-0.019928 0.009626 
-0.021737 0.021227 
-0.019081 0.029161 
-0.019812 0.030191 
-0.020705 0.022806 
-0.019956 0.011923 
-0.018387 0.004734 
-0.012849 0.004305 
-0.005124 0.006162 
-0.001017 0.004150 
0.001749 -0.000991 
0.009626 -0.009964 
0.021227 -0.017695 
0.029161 -0.019959 
0.030191 -0.019463 
0.022806 -0.019319 
0.011923 -0.019458 
0.004734 -0.019780 
0.004305 -0.019900 
0.006162 -0.013806 
0.004150 -0.006551 
-0.000991 -0.001590 
-0.009964 0.001126 
-0.017695 0.007472 
-0.019959 0.018243 
-0.019463 0.028351 
-0.019319 0.033066 
-0.019458 0.028803 
-0.019780 0.018697 
-0.019900 0.010004 
-0.013806 0.008145 
-0.006551 0.008450 
-0.001590 0.007221 
0.001126 0.004487 
0.007472 -0.003213 
0.018243 -0.011909 
0.028351 -0.016694 
0.033066 -0.016511 
0.028803 -0.016475 
0.018697 -0.016337 
0.010004 -0.017189 
0.008145 -0.017334 
0.008450 -0.014074 
0.007221 -0.007479 
0.004487 -0.002587 
-0.003213 0.000379 
-0.011909 0.004471 
-0.016694 0.013451 
-0.016511 0.024827 
-0.016475 0.031921 
-0.016337 0.030284 
-0.017189 0.021236 
-0.017334 0.011518 
-0.014074 0.007173 
-0.007479 0.005705 
-0.002587 0.005193 
0.000379 0.003013 
0.004471 -0.003479 
0.013451 -0.013140 
0.024827 -0.019808 
0.031921 -0.021792 
0.030284 -0.022543 
0.021236 -0.021949 
0.011518 -0.021790 
0.007173 -0.022788 
0.005705 -0.021776 
0.005193 -0.014155 
0.003013 -0.009654 
-0.003479 -0.007771 
-0.013140 -0.003666 
-0.019808 0.004495 
-0.021792 0.015239 
-0.022543 0.025812 
-0.021949 0.028486 
-0.021790 0.023045 
-0.022788 0.014835 
-0.021776 0.009143 
-0.014155 0.006822 
-0.009654 0.007420 
-0.007771 0.006433 
-0.003666 0.001272 
0.004495 -0.006995 
0.015239 -0.013608 
0.025812 -0.016784 
0.028486 -0.018729 
0.023045 -0.017594 
0.014835 -0.018010 
0.009143 -0.018606 
0.006822 -0.017933 
0.007420 -0.012199 
0.006433 -0.007174 
0.001272 -0.005038 
-0.006995 -0.000899 
-0.013608 0.004303 
-0.016784 0.014482 
-0.018729 0.026201 
-0.017594 0.032552 
-0.018010 0.029586 
-0.018606 0.021560 
-0.017933 0.014609 
-0.012199 0.010597 
-0.007174 0.010218 
-0.005038 0.011436 
-0.000899 0.006762 
0.004303 -0.000810 
0.014482 -0.008446 
0.026201 -0.013208 
0.032552 -0.016083 
0.029586 -0.015501 
0.021560 -0.015636 
0.014609 -0.017854 
0.010597 -0.017822 
0.010218 -0.013380 
0.011436 -0.007886 
0.006762 -0.006064 
-0.000810 -0.003910 
-0.008446 0.000328 
-0.013208 0.008683 
-0.016083 0.021895 
-0.015501 0.030477 
-0.015636 0.030586 
-0.017854 0.024870 
-0.017822 0.017503 
-0.013380 0.011178 
-0.007886 0.010205 
-0.006064 0.010687 
-0.003910 0.007483 
0.000328 0.001140 
0.008683 -0.006191 
0.021895 -0.012944 
0.030477 -0.016653 
0.030586 -0.017646 
0.024870 -0.017036 
0.017503 -0.020759 
0.011178 -0.021801 
0.010205 -0.018629 
0.010687 -0.013356 
0.007483 -0.009588 
0.001140 -0.008250 
-0.006191 -0.005823 
-0.012944 -0.000443 
-0.016653 0.011750 
-0.017646 0.024200 
-0.017036 0.028202 
-0.020759 0.024969 
-0.021801 0.018062 
-0.018629 0.010387 
-0.013356 0.009215 
-0.009588 0.010260 
-0.008250 0.007836 
-0.005823 0.002973 
-0.000443 -0.003451 
0.011750 -0.011164 
0.024200 -0.016434 
0.028202 -0.017379 
0.024969 -0.016479 
0.018062 -0.019030 
0.010387 -0.020930 
0.009215 -0.018894 
0.010260 -0.014361 
0.007836 -0.009595 
0.002973 -0.008052 
-0.003451 -0.007741 
-0.011164 -0.003560 
-0.016434 0.007713 
-0.017379 0.020257 
-0.016479 0.027991 
-0.019030 0.028574 
-0.020930 0.022472 
-0.018894 0.015555 
-0.014361 0.011126 
-0.009595 0.011914 
-0.008052 0.010605 
-0.007741 0.007052 
-0.003560 0.001347 
0.007713 -0.007494 
0.020257 -0.014343 
0.027991 -0.015806 
0.028574 -0.015721 
0.022472 -0.017742 
0.015555 -0.020252 
0.011126 -0.019098 
0.011914 -0.015837 
0.010605 -0.010692 
0.007052 -0.007973 
0.001347 -0.008215 
-0.007494 -0.006127 
-0.014343 0.002947 
-0.015806 0.014403 
-0.015721 0.024518 
-0.017742 0.028625 
-0.020252 0.025021 
-0.019098 0.017576 
-0.015837 0.012848 
-0.010692 0.011430 
-0.007973 0.010545 
-0.008215 0.009255 
-0.006127 0.004396 
0.002947 -0.003273 
0.014403 -0.012354 
0.024518 -0.015223 
0.028625 -0.016049 
0.025021 -0.018166 
0.017576 -0.020193 
0.012848 -0.021278 
0.011430 -0.019142 
0.010545 -0.013701 
0.009255 -0.010123 
0.004396 -0.010763 
-0.003273 -0.010163 
-0.012354 -0.002223 
-0.015223 0.008635 
-0.016049 0.018858 
-0.018166 0.026760 
-0.020193 0.027509 
-0.021278 0.021424 
-0.019142 0.015932 
-0.013701 0.013859 
-0.010123 0.012482 
-0.010763 0.011574 
-0.010163 0.009218 
-0.002223 0.002299 
0.008635 -0.007039 
0.018858 -0.012033 
0.026760 -0.013902 
0.027509 -0.015504 
0.021424 -0.016719 
0.015932 -0.018354 
0.013859 -0.017616 
0.012482 -0.013542 
0.011574 -0.009128 
0.009218 -0.008408 
0.002299 -0.008908 
-0.007039 -0.004498 
-0.012033 0.003810 
-0.013902 0.015112 
-0.015504 0.025382 
-0.016719 0.028280 
-0.018354 0.023639 
-0.017616 0.018209 
-0.013542 0.014659 
-0.009128 0.013512 
-0.008408 0.011400 
-0.008908 0.010135 
-0.004498 0.003858 
0.003810 -0.004453 
0.015112 -0.010505 
0.025382 -0.013958 
0.028280 -0.015688 
0.023639 -0.017702 
0.018209 -0.020193 
0.014659 -0.021788 
0.013512 -0.017853 
0.011400 -0.013423 
0.010135 -0.012403 
0.003858 -0.012757 
-0.004453 -0.010192 
-0.010505 -0.003246 
-0.013958 0.007030 
-0.015688 0.019122 
-0.017702 0.025076 
-0.020193 0.023378 
-0.021788 0.018095 
-0.017853 0.014519 
-0.013423 0.011216 
-0.012403 0.011110 
-0.012757 0.009807 
-0.010192 0.004888 
-0.003246 -0.002817 
0.007030 -0.010157 
0.019122 -0.013861 
0.025076 -0.016507 
0.023378 -0.018109 
0.018095 -0.021183 
