0.015045 -0.002594 
0.007812 0.005249 
0.000488 0.012024 
-0.006836 0.017487 
-0.013489 0.022217 
-0.017761 0.022827 
-0.019775 0.020172 
-0.018372 0.014862 
-0.015045 0.007904 
-0.009735 0.000122 
-0.002594 -0.008148 
0.005249 -0.015320 
0.012024 -0.021088 
0.017487 -0.023773 
0.022217 -0.024292 
0.022827 -0.022034 
0.020172 -0.016541 
0.014862 -0.009644 
0.007904 -0.001831 
0.000122 0.006042 
-0.008148 0.012451 
-0.015320 0.017456 
-0.021088 0.020599 
-0.023773 0.020386 
-0.024292 0.017395 
-0.022034 0.012054 
-0.016541 0.005219 
-0.009644 -0.002411 
-0.001831 -0.010223 
0.006042 -0.016296 
0.012451 -0.019836 
0.017456 -0.020721 
0.020599 -0.018890 
0.020386 -0.015259 
0.017395 -0.009064 
0.012054 -0.001099 
0.005219 0.006744 
-0.002411 0.013855 
-0.010223 0.019531 
-0.016296 0.023621 
-0.019836 0.023804 
-0.020721 0.021179 
-0.018890 0.016632 
-0.015259 0.009613 
-0.009064 0.000824 
-0.001099 -0.008179 
0.006744 -0.015839 
0.013855 -0.021240 
0.019531 -0.024048 
0.023621 -0.025330 
0.023804 -0.022644 
0.021179 -0.017120 
0.016632 -0.009766 
0.009613 -0.000885 
0.000824 0.007294 
-0.008179 0.015228 
-0.015839 0.021149 
-0.021240 0.024384 
-0.024048 0.025055 
-0.025330 0.022797 
-0.022644 0.017792 
-0.017120 0.011169 
-0.009766 0.003693 
-0.000885 -0.003448 
0.007294 -0.009827 
0.015228 -0.014679 
0.021149 -0.016602 
0.024384 -0.016144 
0.025055 -0.013123 
0.022797 -0.007935 
0.017792 -0.001343 
0.011169 0.005310 
0.003693 0.012085 
-0.003448 0.017120 
-0.009827 0.019592 
-0.014679 0.019592 
-0.016602 0.016815 
-0.016144 0.012817 
-0.013123 0.005798 
-0.007935 -0.001678 
-0.001343 -0.008881 
0.005310 -0.016205 
0.012085 -0.020447 
0.017120 -0.022186 
0.019592 -0.021667 
0.019592 -0.018829 
0.016815 -0.013458 
0.012817 -0.005554 
0.005798 0.003510 
-0.001678 0.011963 
-0.008881 0.018646 
-0.016205 0.023712 
-0.020447 0.026459 
-0.022186 0.025330 
-0.021667 0.021729 
-0.018829 0.016266 
-0.013458 0.008667 
-0.005554 0.000397 
0.003510 -0.007568 
0.011963 -0.013733 
0.018646 -0.018768 
0.023712 -0.020905 
0.026459 -0.018921 
0.025330 -0.016113 
0.021729 -0.010559 
0.016266 -0.003052 
0.008667 0.003815 
0.000397 0.011017 
-0.007568 0.016907 
-0.013733 0.020325 
-0.018768 0.020233 
-0.020905 0.017578 
-0.018921 0.013794 
-0.016113 0.007416 
-0.010559 -0.000244 
-0.003052 -0.007050 
0.003815 -0.013275 
0.011017 -0.018005 
0.016907 -0.019958 
0.020325 -0.019806 
0.020233 -0.016022 
0.017578 -0.010193 
0.013794 -0.003326 
0.007416 0.004913 
-0.000244 0.013428 
-0.007050 0.020325 
-0.013275 0.024597 
-0.018005 0.026886 
-0.019958 0.024872 
-0.019806 0.020966 
-0.016022 0.015106 
-0.010193 0.007080 
-0.003326 -0.001373 
0.004913 -0.010162 
0.013428 -0.016632 
0.020325 -0.021667 
0.024597 -0.023834 
0.026886 -0.022705 
0.024872 -0.019104 
0.020966 -0.013611 
0.015106 -0.006256 
0.007080 0.002136 
-0.001373 0.008972 
-0.010162 0.014984 
-0.016632 0.018036 
-0.021667 0.018982 
-0.023834 0.018311 
-0.022705 0.013824 
-0.019104 0.007812 
-0.013611 0.001587 
-0.006256 -0.004974 
0.002136 -0.010498 
0.008972 -0.015045 
0.014984 -0.016571 
0.018036 -0.014740 
0.018982 -0.011414 
0.018311 -0.006104 
0.013824 0.001068 
0.007812 0.009369 
0.001587 0.016266 
-0.004974 0.021484 
-0.010498 0.024506 
-0.015045 0.025299 
-0.016571 0.022644 
-0.014740 0.016876 
-0.011414 0.010010 
-0.006104 0.000214 
0.001068 -0.009094 
0.009369 -0.017578 
0.016266 -0.024811 
0.021484 -0.028809 
0.024506 -0.030182 
0.025299 -0.028656 
0.022644 -0.023804 
0.016876 -0.016418 
0.010010 -0.008362 
0.000214 0.000641 
-0.009094 0.009583 
-0.017578 0.016937 
-0.024811 0.021301 
-0.028809 0.023071 
-0.030182 0.022186 
-0.028656 0.017914 
-0.023804 0.012054 
-0.016418 0.005829 
-0.008362 -0.001801 
0.000641 -0.009155 
0.009583 -0.014282 
0.016937 -0.017548 
0.021301 -0.017029 
0.023071 -0.014709 
0.022186 -0.010834 
0.017914 -0.004639 
0.012054 0.002716 
0.005829 0.010101 
-0.001801 0.015228 
-0.009155 0.018951 
-0.014282 0.020294 
-0.017548 0.018982 
-0.017029 0.015198 
-0.014709 0.008850 
-0.010834 0.001495 
-0.004639 -0.006348 
0.002716 -0.013855 
0.010101 -0.019165 
0.015228 -0.023041 
0.018951 -0.024323 
0.020294 -0.021454 
0.018982 -0.016754 
0.015198 -0.010132 
0.008850 -0.001923 
0.001495 0.006378 
-0.006348 0.013275 
-0.013855 0.019196 
-0.019165 0.021667 
-0.023041 0.021057 
-0.024323 0.018768 
-0.021454 0.013153 
-0.016754 0.006805 
-0.010132 -0.001495 
-0.001923 -0.009277 
0.006378 -0.016235 
0.013275 -0.022614 
0.019196 -0.024933 
0.021667 -0.024567 
0.021057 -0.021606 
0.018768 -0.016632 
0.013153 -0.009247 
0.006805 -0.000519 
-0.001495 0.007172 
-0.009277 0.013763 
-0.016235 0.018524 
-0.022614 0.020172 
-0.024933 0.018768 
-0.024567 0.015289 
-0.021606 0.009735 
-0.016632 0.002197 
-0.009247 -0.005585 
-0.000519 -0.012329 
0.007172 -0.017792 
0.013763 -0.021118 
0.018524 -0.021912 
0.020172 -0.019135 
0.018768 -0.014069 
0.015289 -0.007416 
0.009735 0.001251 
0.002197 0.008820 
-0.005585 0.015076 
-0.012329 0.020691 
-0.017792 0.023163 
-0.021118 0.022919 
-0.021912 0.020325 
-0.019135 0.014679 
-0.014069 0.007965 
-0.007416 -0.000366 
0.001251 -0.009247 
0.008820 -0.016327 
0.015076 -0.021576 
0.020691 -0.024445 
0.023163 -0.024353 
0.022919 -0.021942 
0.020325 -0.016815 
0.014679 -0.009766 
0.007965 -0.002991 
-0.000366 0.004181 
-0.009247 0.009949 
-0.016327 0.014404 
-0.021576 0.016541 
-0.024445 0.015320 
-0.024353 0.012207 
-0.021942 0.007263 
-0.016815 0.001984 
-0.009766 -0.004639 
-0.002991 -0.010284 
0.004181 -0.013672 
0.009949 -0.015747 
0.014404 -0.015747 
0.016541 -0.013092 
0.015320 -0.007660 
0.012207 -0.001129 
0.007263 0.005951 
0.001984 0.012726 
-0.004639 0.018005 
-0.010284 0.021759 
-0.013672 0.023529 
-0.015747 0.021179 
-0.015747 0.016846 
-0.013092 0.010986 
-0.007660 0.002258 
-0.001129 -0.006287 
0.005951 -0.014984 
0.012726 -0.021667 
0.018005 -0.025482 
0.021759 -0.027496 
0.023529 -0.026031 
0.021179 -0.022034 
0.016846 -0.015259 
0.010986 -0.006683 
0.002258 0.002075 
-0.006287 0.010925 
-0.014984 0.017975 
-0.021667 0.023254 
-0.025482 0.025330 
-0.027496 0.024139 
-0.026031 0.020813 
-0.022034 0.014038 
-0.015259 0.006592 
-0.006683 -0.000946 
0.002075 -0.008362 
0.010925 -0.014069 
0.017975 -0.018311 
0.023254 -0.019745 
0.025330 -0.018372 
0.024139 -0.014282 
0.020813 -0.008545 
0.014038 -0.002594 
0.006592 0.004150 
-0.000946 0.010651 
-0.008362 0.015045 
-0.014069 0.017639 
-0.018311 0.017487 
-0.019745 0.014282 
-0.018372 0.009003 
-0.014282 0.001678 
-0.008545 -0.005432 
-0.002594 -0.011902 
0.004150 -0.017548 
0.010651 -0.020782 
0.015045 -0.021271 
0.017639 -0.019104 
0.017487 -0.014465 
0.014282 -0.007599 
0.009003 -0.000061 
0.001678 0.008789 
-0.005432 0.017792 
-0.011902 0.023621 
-0.017548 0.027466 
-0.020782 0.028778 
-0.021271 0.026093 
-0.019104 0.020752 
-0.014465 0.013489 
-0.007599 0.004669 
-0.000061 -0.004150 
0.008789 -0.012390 
0.017792 -0.018860 
0.023621 -0.022949 
0.027466 -0.024689 
0.028778 -0.023224 
0.026093 -0.019592 
0.020752 -0.013123 
0.013489 -0.005646 
0.004669 0.001587 
-0.004150 0.008606 
-0.012390 0.014282 
-0.018860 0.017365 
-0.022949 0.016937 
-0.024689 0.015137 
-0.023224 0.010345 
-0.019592 0.004730 
-0.013123 -0.001343 
-0.005646 -0.007782 
0.001587 -0.012329 
0.008606 -0.015961 
0.014282 -0.016357 
0.017365 -0.014740 
0.016937 -0.010468 
0.015137 -0.004272 
0.010345 0.002899 
0.004730 0.010529 
-0.001343 0.016937 
-0.007782 0.022217 
-0.012329 0.024292 
-0.015961 0.024109 
-0.016357 0.020782 
-0.014740 0.014862 
-0.010468 0.007538 
-0.004272 -0.000854 
0.002899 -0.009735 
0.010529 -0.017761 
0.016937 -0.023438 
0.022217 -0.026398 
0.024292 -0.026489 
0.024109 -0.024048 
0.020782 -0.018097 
0.014862 -0.010803 
0.007538 -0.002228 
-0.000854 0.006500 
-0.009735 0.014130 
-0.017761 0.020264 
-0.023438 0.023712 
-0.026398 0.024475 
-0.026489 0.021759 
-0.024048 0.017181 
-0.018097 0.010498 
-0.010803 0.002655 
-0.002228 -0.004700 
0.006500 -0.010651 
0.014130 -0.015259 
0.020264 -0.017365 
0.023712 -0.016418 
0.024475 -0.013214 
0.021759 -0.007721 
0.017181 -0.001709 
0.010498 0.005646 
0.002655 0.012115 
-0.004700 0.017517 
-0.010651 0.021210 
-0.015259 0.020966 
-0.017365 0.018707 
-0.016418 0.014587 
-0.013214 0.007965 
-0.007721 -0.000153 
-0.001709 -0.007812 
0.005646 -0.014282 
0.012115 -0.019287 
0.017517 -0.023071 
0.021210 -0.022797 
0.020966 -0.019958 
0.018707 -0.015503 
0.014587 -0.007874 
0.007965 -0.000061 
-0.000153 0.007782 
-0.007812 0.014130 
-0.014282 0.019135 
-0.019287 0.021820 
-0.023071 0.021118 
-0.022797 0.018372 
-0.019958 0.012665 
-0.015503 0.005646 
-0.007874 -0.001251 
-0.000061 -0.008301 
0.007782 -0.014160 
0.014130 -0.017334 
0.019135 -0.018372 
0.021820 -0.016479 
0.021118 -0.012543 
0.018372 -0.006866 
0.012665 0.000397 
0.005646 0.006989 
-0.001251 0.013580 
-0.008301 0.018951 
-0.014160 0.021576 
-0.017334 0.021240 
-0.018372 0.018188 
-0.016479 0.012970 
-0.012543 0.005829 
-0.006866 -0.002472 
0.000397 -0.010162 
0.006989 -0.017365 
0.013580 -0.022766 
0.018951 -0.024017 
0.021576 -0.023071 
0.021240 -0.019562 
0.018188 -0.013031 
0.012970 -0.004913 
0.005829 0.003815 
-0.002472 0.012115 
-0.010162 0.019104 
-0.017365 0.024231 
-0.022766 0.026337 
-0.024017 0.025574 
-0.023071 0.022278 
-0.019562 0.015198 
-0.013031 0.007568 
-0.004913 -0.000824 
0.003815 -0.009308 
0.012115 -0.015503 
0.019104 -0.020905 
0.024231 -0.022736 
0.026337 -0.021362 
0.025574 -0.018188 
0.022278 -0.011841 
0.015198 -0.004150 
0.007568 0.003479 
-0.000824 0.010529 
-0.009308 0.015594 
-0.015503 0.019287 
-0.020905 0.020905 
-0.022736 0.018158 
-0.021362 0.013031 
-0.018188 0.006561 
-0.011841 -0.000702 
-0.004150 -0.007996 
0.003479 -0.015625 
0.010529 -0.020508 
0.015594 -0.021942 
0.019287 -0.022064 
0.020905 -0.019409 
0.018158 -0.012878 
0.013031 -0.005463 
0.006561 0.001953 
-0.000702 0.009674 
-0.007996 0.016602 
-0.015625 0.021576 
-0.020508 0.022827 
-0.021942 0.021851 
-0.022064 0.018341 
-0.019409 0.011932 
-0.012878 0.004089 
-0.005463 -0.004639 
0.001953 -0.012482 
0.009674 -0.019379 
0.016602 -0.023193 
0.021576 -0.024658 
0.022827 -0.023468 
0.021851 -0.018097 
0.018341 -0.012421 
0.011932 -0.004944 
0.004089 0.002899 
-0.004639 0.010376 
-0.012482 0.016602 
-0.019379 0.019318 
-0.023193 0.020538 
-0.024658 0.017914 
-0.023468 0.012604 
-0.018097 0.006531 
-0.012421 -0.001312 
-0.004944 -0.009064 
0.002899 -0.015350 
0.010376 -0.020416 
0.016602 -0.023071 
0.019318 -0.021454 
0.020538 -0.017609 
0.017914 -0.012146 
0.012604 -0.004333 
0.006531 0.004089 
-0.001312 0.012146 
-0.009064 0.019501 
-0.015350 0.024048 
-0.020416 0.025635 
-0.023071 0.024353 
-0.021454 0.020081 
-0.017609 0.014160 
-0.012146 0.006134 
-0.004333 -0.002594 
0.004089 -0.011292 
0.012146 -0.018066 
0.019501 -0.021606 
0.024048 -0.023193 
0.025635 -0.021881 
0.024353 -0.018250 
0.020081 -0.011993 
0.014160 -0.004211 
0.006134 0.003510 
-0.002594 0.010315 
-0.011292 0.016205 
-0.018066 0.019714 
-0.021606 0.019806 
-0.023193 0.018402 
-0.021881 0.013397 
-0.018250 0.006226 
-0.011993 -0.000946 
-0.004211 -0.008789 
0.003510 -0.014862 
0.010315 -0.018555 
0.016205 -0.021057 
0.019714 -0.020386 
0.019806 -0.016541 
0.018402 -0.011292 
0.013397 -0.003845 
0.006226 0.003845 
-0.000946 0.010895 
-0.008789 0.016937 
-0.014862 0.021271 
-0.018555 0.022186 
-0.021057 0.020325 
-0.020386 0.016418 
-0.016541 0.009491 
-0.011292 0.002930 
-0.003845 -0.005768 
0.003845 -0.013824 
0.010895 -0.018341 
0.016937 -0.021423 
0.021271 -0.022644 
0.022186 -0.020996 
0.020325 -0.014984 
0.016418 -0.008942 
0.009491 -0.001373 
0.002930 0.006683 
-0.005768 0.013336 
-0.013824 0.019073 
-0.018341 0.021240 
-0.021423 0.021240 
-0.022644 0.018219 
-0.020996 0.013245 
-0.014984 0.005737 
-0.008942 -0.002716 
-0.001373 -0.009766 
0.006683 -0.016937 
0.013336 -0.021545 
0.019073 -0.023315 
0.021240 -0.022858 
0.021240 -0.019562 
0.018219 -0.013367 
0.013245 -0.005585 
0.005737 0.002502 
-0.002716 0.010101 
-0.009766 0.017212 
-0.016937 0.022064 
-0.021545 0.023407 
-0.023315 0.022858 
-0.022858 0.019196 
-0.019562 0.013428 
-0.013367 0.005737 
-0.005585 -0.002075 
0.002502 -0.008942 
0.010101 -0.015167 
0.017212 -0.018372 
0.022064 -0.019470 
0.023407 -0.017944 
0.022858 -0.014832 
0.019196 -0.009094 
0.013428 -0.001251 
0.005737 0.005524 
-0.002075 0.012299 
-0.008942 0.016968 
-0.015167 0.019592 
-0.018372 0.019684 
-0.019470 0.016846 
-0.017944 0.011780 
-0.014832 0.005005 
-0.009094 -0.001312 
-0.001251 -0.007507 
0.005524 -0.013641 
0.012299 -0.017426 
0.016968 -0.017212 
0.019592 -0.015594 
0.019684 -0.011780 
0.016846 -0.005463 
0.011780 0.001404 
0.005005 0.009766 
-0.001312 0.016663 
-0.007507 0.021790 
-0.013641 0.024445 
-0.017426 0.024017 
-0.017212 0.021088 
-0.015594 0.015198 
-0.011780 0.007935 
-0.005463 -0.000854 
0.001404 -0.009857 
0.009766 -0.018158 
0.016663 -0.024963 
0.021790 -0.028320 
0.024445 -0.028442 
0.024017 -0.026093 
0.021088 -0.020844 
0.015198 -0.013062 
0.007935 -0.004303 
-0.000854 0.005157 
-0.009857 0.013214 
-0.018158 0.019440 
-0.024963 0.023926 
-0.028320 0.025024 
-0.028442 0.022888 
-0.026093 0.018372 
-0.020844 0.012085 
-0.013062 0.004669 
-0.004303 -0.002869 
0.005157 -0.009552 
0.013214 -0.014130 
0.019440 -0.017151 
0.023926 -0.017487 
0.025024 -0.014221 
0.022888 -0.009369 
0.018372 -0.002777 
0.012085 0.004456 
0.004669 0.010376 
-0.002869 0.015808 
-0.009552 0.019257 
-0.014130 0.019440 
-0.017151 0.017853 
-0.017487 0.013947 
-0.014221 0.008301 
-0.009369 0.000519 
-0.002777 -0.007172 
0.004456 -0.012970 
0.010376 -0.018402 
0.015808 -0.021301 
0.019257 -0.021606 
0.019440 -0.018921 
0.017853 -0.013947 
0.013947 -0.006531 
0.008301 0.001923 
0.000519 0.009186 
-0.007172 0.016449 
-0.012970 0.021332 
-0.018402 0.023743 
-0.021301 0.023926 
-0.021606 0.021179 
-0.018921 0.016083 
-0.013947 0.009003 
-0.006531 0.001190 
0.001923 -0.005951 
0.009186 -0.012482 
0.016449 -0.017059 
0.021332 -0.018066 
0.023743 -0.017090 
0.023926 -0.014221 
0.021179 -0.009155 
0.016083 -0.002228 
0.009003 0.004974 
0.001190 0.012238 
-0.005951 0.018066 
-0.012482 0.020844 
-0.017059 0.021637 
-0.018066 0.019958 
-0.017090 0.015381 
-0.014221 0.008148 
-0.009155 0.000610 
-0.002228 -0.007202 
0.004974 -0.014099 
0.012238 -0.019135 
0.018066 -0.022003 
0.020844 -0.021698 
0.021637 -0.018738 
0.019958 -0.013092 
0.015381 -0.005981 
0.008148 0.002838 
0.000610 0.010162 
-0.007202 0.017120 
-0.014099 0.022705 
-0.019135 0.024200 
-0.022003 0.024170 
-0.021698 0.020813 
-0.018738 0.014923 
-0.013092 0.007202 
-0.005981 -0.001465 
0.002838 -0.009705 
0.010162 -0.016479 
0.017120 -0.020905 
0.022705 -0.023254 
0.024200 -0.023346 
0.024170 -0.019745 
0.020813 -0.013428 
0.014923 -0.006866 
0.007202 0.001099 
-0.001465 0.008331 
-0.009705 0.014343 
-0.016479 0.018433 
-0.020905 0.019470 
-0.023254 0.017639 
-0.023346 0.014130 
-0.019745 0.009460 
-0.013428 0.002411 
-0.006866 -0.004059 
0.001099 -0.010651 
0.008331 -0.015198 
0.014343 -0.016724 
0.018433 -0.017029 
0.019470 -0.013885 
0.017639 -0.008820 
0.014130 -0.002747 
0.009460 0.004578 
0.002411 0.011536 
-0.004059 0.016907 
-0.010651 0.020782 
-0.015198 0.022217 
-0.016724 0.020172 
-0.017029 0.015533 
-0.013885 0.009033 
-0.008820 0.001373 
-0.002747 -0.006744 
0.004578 -0.014740 
0.011536 -0.020752 
0.016907 -0.024628 
0.020782 -0.026093 
0.022217 -0.024261 
0.020172 -0.020447 
0.015533 -0.013580 
0.009033 -0.005341 
0.001373 0.002686 
-0.006744 0.010864 
-0.014740 0.017456 
-0.020752 0.021454 
-0.024628 0.022644 
-0.026093 0.021576 
-0.024261 0.017456 
-0.020447 0.011566 
-0.013580 0.004883 
-0.005341 -0.002930 
0.002686 -0.009705 
0.010864 -0.014740 
0.017456 -0.017822 
0.021454 -0.017609 
0.022644 -0.015076 
0.021576 -0.011200 
0.017456 -0.005341 
0.011566 0.001495 
0.004883 0.007507 
-0.002930 0.012756 
-0.009705 0.016510 
-0.014740 0.016663 
-0.017822 0.015594 
-0.017609 0.011749 
-0.015076 0.004791 
-0.011200 -0.002014 
-0.005341 -0.009674 
0.001495 -0.016724 
0.007507 -0.022125 
0.012756 -0.024750 
0.016510 -0.025024 
0.016663 -0.022308 
0.015594 -0.016144 
0.011749 -0.008484 
0.004791 0.000183 
-0.002014 0.009155 
-0.009674 0.017853 
-0.016724 0.023743 
-0.022125 0.027069 
-0.024750 0.027679 
-0.025024 0.025482 
-0.022308 0.020660 
-0.016144 0.013062 
-0.008484 0.004272 
0.000183 -0.005157 
0.009155 -0.013550 
0.017853 -0.019440 
0.023743 -0.022614 
0.027069 -0.024170 
0.027679 -0.022552 
0.025482 -0.017395 
0.020660 -0.011322 
0.013062 -0.004547 
0.004272 0.002899 
-0.005157 0.009735 
-0.013550 0.014252 
-0.019440 0.016357 
-0.022614 0.015808 
-0.024170 0.013275 
-0.022552 0.009766 
-0.017395 0.003967 
-0.011322 -0.003723 
-0.004547 -0.010345 
0.002899 -0.015472 
0.009735 -0.017944 
0.014252 -0.017883 
0.016357 -0.016235 
0.015808 -0.011597 
0.013275 -0.005524 
0.009766 0.001678 
0.003967 0.008728 
-0.003723 0.014587 
-0.010345 0.019287 
-0.015472 0.021271 
-0.017944 0.020721 
-0.017883 0.017548 
-0.016235 0.011963 
-0.011597 0.004578 
-0.005524 -0.003387 
0.001678 -0.011475 
0.008728 -0.018494 
0.014587 -0.023529 
0.019287 -0.026276 
0.021271 -0.025146 
0.020721 -0.021240 
0.017548 -0.015503 
0.011963 -0.008301 
0.004578 -0.000305 
-0.003387 0.008698 
-0.011475 0.015381 
-0.018494 0.019165 
-0.023529 0.022125 
-0.026276 0.021698 
-0.025146 0.018799 
-0.021240 0.013092 
-0.015503 0.005219 
-0.008301 -0.001740 
-0.000305 -0.008667 
0.008698 -0.014923 
0.015381 -0.019440 
0.019165 -0.020752 
0.022125 -0.019348 
0.021698 -0.015594 
0.018799 -0.009705 
0.013092 -0.003418 
0.005219 0.003632 
-0.001740 0.010406 
-0.008667 0.014740 
-0.014923 0.017090 
-0.019440 0.017609 
-0.020752 0.014832 
-0.019348 0.009979 
-0.015594 0.003784 
-0.009705 -0.003296 
-0.003418 -0.010498 
0.003632 -0.017029 
0.010406 -0.020813 
0.014740 -0.022522 
0.017090 -0.021515 
0.017609 -0.017792 
0.014832 -0.012482 
0.009979 -0.004944 
0.003784 0.002838 
-0.003296 0.010498 
-0.010498 0.016785 
-0.017029 0.019501 
-0.020813 0.021484 
-0.022522 0.020599 
-0.021515 0.017059 
-0.017792 0.011597 
-0.012482 0.003571 
-0.004944 -0.003510 
0.002838 -0.010895 
0.010498 -0.016205 
0.016785 -0.019592 
0.019501 -0.020691 
0.021484 -0.018341 
0.020599 -0.014526 
0.017059 -0.008087 
0.011597 -0.001434 
0.003571 0.006317 
-0.003510 0.012848 
-0.010895 0.017029 
-0.016205 0.020294 
-0.019592 0.019958 
-0.020691 0.016754 
-0.018341 0.011627 
-0.014526 0.005035 
-0.008087 -0.002502 
-0.001434 -0.009735 
0.006317 -0.016083 
0.012848 -0.020294 
0.017029 -0.022522 
0.020294 -0.022430 
0.019958 -0.018982 
0.016754 -0.013031 
0.011627 -0.005585 
0.005035 0.002167 
-0.002502 0.009918 
-0.009735 0.015594 
-0.016083 0.019684 
-0.020294 0.021576 
-0.022522 0.019958 
-0.022430 0.016876 
-0.018982 0.010956 
-0.013031 0.003052 
-0.005585 -0.003784 
0.002167 -0.010254 
0.009918 -0.016205 
0.015594 -0.020020 
0.019684 -0.020599 
0.021576 -0.018188 
0.019958 -0.014191 
0.016876 -0.008057 
0.010956 -0.000183 
0.003052 0.006927 
-0.003784 0.012848 
-0.010254 0.017944 
-0.016205 0.020386 
-0.020020 0.020386 
-0.020599 0.017792 
-0.018188 0.012390 
-0.014191 0.006256 
-0.008057 -0.001129 
-0.000183 -0.008087 
0.006927 -0.015320 
0.012848 -0.020142 
0.017944 -0.020782 
0.020386 -0.020752 
0.020386 -0.017334 
0.017792 -0.011505 
0.012390 -0.004425 
0.006256 0.003479 
-0.001129 0.010925 
-0.008087 0.017365 
-0.015320 0.020935 
-0.020142 0.022247 
-0.020782 0.021088 
-0.020752 0.017029 
-0.017334 0.011078 
-0.011505 0.003876 
-0.004425 -0.004028 
0.003479 -0.011414 
0.010925 -0.017456 
0.017365 -0.020325 
0.020935 -0.021240 
0.022247 -0.019653 
0.021088 -0.014465 
0.017029 -0.008789 
0.011078 -0.001160 
0.003876 0.006317 
-0.004028 0.013000 
-0.011414 0.018524 
-0.017456 0.020538 
-0.020325 0.021240 
-0.021240 0.018372 
-0.019653 0.012970 
-0.014465 0.007233 
-0.008789 -0.000671 
-0.001160 -0.008331 
0.006317 -0.014069 
0.013000 -0.018524 
0.018524 -0.020386 
0.020538 -0.019226 
0.021240 -0.015747 
0.018372 -0.009674 
0.012970 -0.001862 
0.007233 0.005920 
-0.000671 0.013489 
-0.008331 0.020233 
-0.014069 0.023743 
-0.018524 0.025330 
-0.020386 0.024109 
-0.019226 0.020081 
-0.015747 0.014282 
-0.009674 0.005798 
-0.001862 -0.001709 
0.005920 -0.009155 
0.013489 -0.015594 
0.020233 -0.019104 
0.023743 -0.020782 
0.025330 -0.019440 
0.024109 -0.015564 
0.020081 -0.009552 
0.014282 -0.002625 
0.005798 0.005341 
-0.001709 0.011810 
-0.009155 0.016510 
-0.015594 0.019958 
-0.019104 0.019684 
-0.020782 0.017517 
-0.019440 0.013184 
-0.015564 0.007416 
-0.009552 0.000916 
-0.002625 -0.005707 
0.005341 -0.011230 
0.011810 -0.015991 
0.016510 -0.017914 
0.019958 -0.016174 
0.019684 -0.012238 
0.017517 -0.007507 
0.013184 -0.001099 
0.007416 0.005951 
0.000916 0.012543 
-0.005707 0.018036 
-0.011230 0.020630 
-0.015991 0.021271 
-0.017914 0.019867 
-0.016174 0.015167 
-0.012238 0.008850 
-0.007507 0.002167 
-0.001099 -0.005463 
0.005951 -0.012329 
0.012543 -0.017670 
0.018036 -0.020752 
0.020630 -0.020996 
0.021271 -0.018463 
0.019867 -0.012878 
0.015167 -0.006317 
0.008850 0.000885 
0.002167 0.008820 
-0.005463 0.015533 
-0.012329 0.019562 
-0.017670 0.021698 
-0.020752 0.020844 
-0.020996 0.016907 
-0.018463 0.011627 
-0.012878 0.004303 
-0.006317 -0.003967 
0.000885 -0.011566 
0.008820 -0.017517 
0.015533 -0.021820 
0.019562 -0.023773 
0.021698 -0.022491 
0.020844 -0.018463 
0.016907 -0.011780 
0.011627 -0.004852 
0.004303 0.003174 
-0.003967 0.011414 
-0.011566 0.017181 
-0.017517 0.021545 
-0.021820 0.022736 
-0.023773 0.020966 
-0.022491 0.017303 
-0.018463 0.011566 
-0.011780 0.003876 
-0.004852 -0.004211 
0.003174 -0.010864 
0.011414 -0.017090 
0.017181 -0.020691 
0.021545 -0.022369 
0.022736 -0.021423 
0.020966 -0.016449 
0.017303 -0.010864 
0.011566 -0.003754 
0.003876 0.003326 
-0.004211 0.009552 
-0.010864 0.013916 
-0.017090 0.015900 
-0.020691 0.016571 
-0.022369 0.014282 
-0.021423 0.009918 
-0.016449 0.003357 
-0.010864 -0.003174 
-0.003754 -0.009521 
0.003326 -0.014893 
0.009552 -0.017761 
0.013916 -0.018951 
0.015900 -0.017273 
0.016571 -0.013977 
0.014282 -0.007599 
0.009918 -0.000275 
0.003357 0.006592 
-0.003174 0.013733 
-0.009521 0.018890 
-0.014893 0.021667 
-0.017761 0.021301 
-0.018951 0.018921 
-0.017273 0.013428 
-0.013977 0.005829 
-0.007599 -0.001984 
-0.000275 -0.010559 
0.006592 -0.017822 
0.013733 -0.023712 
0.018890 -0.026642 
0.021667 -0.026886 
0.021301 -0.024689 
0.018921 -0.019318 
0.013428 -0.012726 
0.005829 -0.004364 
-0.001984 0.003937 
-0.010559 0.011108 
-0.017822 0.017395 
-0.023712 0.020691 
-0.026642 0.020935 
-0.026886 0.018860 
-0.024689 0.014557 
-0.019318 0.008087 
-0.012726 0.001160 
-0.004364 -0.005920 
0.003937 -0.012573 
0.011108 -0.016479 
0.017395 -0.018768 
0.020691 -0.018860 
0.020935 -0.015533 
0.018860 -0.011047 
0.014557 -0.005188 
0.008087 0.001648 
0.001160 0.007568 
-0.005920 0.013062 
-0.012573 0.016052 
-0.016479 0.016022 
-0.018768 0.013550 
-0.018860 0.009033 
-0.015533 0.003143 
-0.011047 -0.004486 
-0.005188 -0.011414 
0.001648 -0.017700 
0.007568 -0.022400 
0.013062 -0.023956 
0.016052 -0.023163 
0.016022 -0.019775 
0.013550 -0.014130 
0.009033 -0.006683 
0.003143 0.002411 
-0.004486 0.010956 
-0.011414 0.017853 
-0.017700 0.023560 
-0.022400 0.025574 
-0.023956 0.025360 
-0.023163 0.022614 
-0.019775 0.016937 
-0.014130 0.010223 
-0.006683 0.001495 
0.002411 -0.006165 
0.010956 -0.013489 
0.017853 -0.018860 
0.023560 -0.020966 
0.025574 -0.021271 
0.025360 -0.018555 
0.022614 -0.014435 
0.016937 -0.008270 
0.010223 -0.001221 
0.001495 0.004883 
-0.006165 0.010254 
-0.013489 0.014008 
-0.018860 0.014526 
-0.020966 0.013184 
-0.021271 0.009918 
-0.018555 0.004730 
-0.014435 -0.001343 
-0.008270 -0.008148 
-0.001221 -0.012817 
0.004883 -0.017059 
0.010254 -0.019104 
0.014008 -0.017456 
0.014526 -0.014587 
0.013184 -0.009064 
0.009918 -0.002228 
0.004730 0.005554 
-0.001343 0.013367 
-0.008148 0.019226 
-0.012817 0.023621 
-0.017059 0.026031 
-0.019104 0.024414 
-0.017456 0.020386 
-0.014587 0.015320 
-0.009064 0.007568 
-0.002228 -0.000397 
0.005554 -0.007751 
0.013367 -0.014221 
0.019226 -0.018799 
0.023621 -0.021362 
0.026031 -0.020721 
0.024414 -0.017517 
0.020386 -0.012207 
0.015320 -0.005341 
0.007568 0.001434 
-0.000397 0.007812 
-0.007751 0.012970 
-0.014221 0.015991 
-0.018799 0.016693 
-0.021362 0.014832 
-0.020721 0.010895 
-0.017517 0.005280 
-0.012207 -0.000793 
-0.005341 -0.006653 
0.001434 -0.012543 
0.007812 -0.016266 
0.012970 -0.017792 
0.015991 -0.017090 
0.016693 -0.013245 
0.014832 -0.008331 
0.010895 -0.002228 
0.005280 0.005798 
-0.000793 0.013794 
-0.006653 0.019348 
-0.012543 0.023041 
-0.016266 0.024780 
-0.017792 0.023376 
-0.017090 0.020294 
-0.013245 0.014343 
-0.008331 0.005981 
-0.002228 -0.002106 
0.005798 -0.009766 
0.013794 -0.016296 
0.019348 -0.020233 
0.023041 -0.021851 
0.024780 -0.020935 
0.023376 -0.016815 
0.020294 -0.011505 
0.014343 -0.004669 
0.005981 0.002960 
-0.002106 0.009796 
-0.009766 0.015411 
-0.016296 0.018524 
-0.020233 0.020050 
-0.021851 0.018799 
-0.020935 0.015137 
-0.016815 0.009552 
-0.011505 0.002228 
-0.004669 -0.003998 
0.002960 -0.009186 
0.009796 -0.013733 
0.015411 -0.016388 
0.018524 -0.015900 
0.020050 -0.012390 
0.018799 -0.007141 
0.015137 -0.001587 
0.009552 0.004822 
0.002228 0.011078 
-0.003998 0.016357 
-0.009186 0.019806 
-0.013733 0.020020 
-0.016388 0.018463 
-0.015900 0.013824 
-0.012390 0.007477 
-0.007141 -0.000214 
-0.001587 -0.007996 
0.004822 -0.014252 
0.011078 -0.019989 
0.016357 -0.022888 
0.019806 -0.023285 
0.020020 -0.020599 
0.018463 -0.016235 
0.013824 -0.009613 
0.007477 -0.001343 
-0.000214 0.005768 
-0.007996 0.013397 
-0.014252 0.019196 
-0.019989 0.022491 
-0.022888 0.022461 
-0.023285 0.020325 
-0.020599 0.016846 
-0.016235 0.010376 
-0.009613 0.002716 
-0.001343 -0.004852 
0.005768 -0.011139 
0.013397 -0.016479 
0.019196 -0.019348 
0.022491 -0.018921 
0.022461 -0.016357 
0.020325 -0.011749 
0.016846 -0.005981 
0.010376 0.000488 
0.002716 0.007294 
-0.004852 0.013336 
-0.011139 0.016632 
-0.016479 0.017609 
-0.019348 0.016541 
-0.018921 0.012787 
-0.016357 0.007568 
-0.011749 0.001129 
-0.005981 -0.005737 
0.000488 -0.011932 
0.007294 -0.017029 
0.013336 -0.019775 
0.016632 -0.020172 
0.017609 -0.018066 
0.016541 -0.013092 
0.012787 -0.006500 
0.007568 0.001007 
0.001129 0.008698 
-0.005737 0.015778 
-0.011932 0.020569 
-0.017029 0.022888 
-0.019775 0.023010 
-0.020172 0.020203 
-0.018066 0.015167 
-0.013092 0.008820 
-0.006500 0.001190 
0.001007 -0.006714 
0.008698 -0.013184 
0.015778 -0.017914 
0.020569 -0.020020 
0.022888 -0.019562 
0.023010 -0.017029 
0.020203 -0.012695 
0.015167 -0.006134 
0.008820 0.001923 
0.001190 0.008606 
-0.006714 0.014343 
-0.013184 0.018036 
-0.017914 0.019165 
-0.020020 0.018188 
-0.019562 0.014771 
-0.017029 0.009277 
-0.012695 0.002014 
-0.006134 -0.004547 
0.001923 -0.010345 
0.008606 -0.015594 
0.014343 -0.018341 
0.018036 -0.018372 
0.019165 -0.016296 
0.018188 -0.011597 
0.014771 -0.005737 
0.009277 0.001068 
0.002014 0.008698 
-0.004547 0.014313 
-0.010345 0.018463 
-0.015594 0.020508 
-0.018341 0.020020 
-0.018372 0.016937 
-0.016296 0.011475 
-0.011597 0.004211 
-0.005737 -0.003693 
0.001068 -0.009735 
0.008698 -0.016449 
0.014313 -0.021454 
0.018463 -0.022675 
0.020508 -0.021698 
0.020020 -0.018402 
0.016937 -0.013733 
0.011475 -0.007141 
0.004211 0.000092 
-0.003693 0.007538 
-0.009735 0.013672 
-0.016449 0.017029 
-0.021454 0.018463 
-0.022675 0.016357 
-0.021698 0.012573 
-0.018402 0.007507 
-0.013733 0.000366 
-0.007141 -0.006073 
0.000092 -0.012146 
0.007538 -0.016876 
0.013672 -0.018860 
0.017029 -0.019196 
0.018463 -0.017273 
0.016357 -0.013367 
0.012573 -0.007385 
0.007507 -0.000305 
0.000366 0.006165 
-0.006073 0.012085 
-0.012146 0.015900 
-0.016876 0.017212 
-0.018860 0.016327 
-0.019196 0.013580 
-0.017273 0.008636 
-0.013367 0.001556 
-0.007385 -0.005951 
-0.000305 -0.013062 
0.006165 -0.018707 
0.012085 -0.022461 
0.015900 -0.023651 
0.017212 -0.021912 
0.016327 -0.018005 
0.013580 -0.011353 
0.008636 -0.003754 
0.001556 0.003815 
-0.005951 0.012024 
-0.013062 0.018005 
-0.018707 0.021057 
-0.022461 0.022400 
-0.023651 0.021027 
-0.021912 0.017151 
-0.018005 0.011505 
-0.011353 0.003632 
-0.003754 -0.004028 
0.003815 -0.010925 
0.012024 -0.017639 
0.018005 -0.020599 
0.021057 -0.020935 
0.022400 -0.019806 
0.021027 -0.015533 
0.017151 -0.009918 
0.011505 -0.003113 
0.003632 0.003845 
-0.004028 0.009613 
-0.010925 0.014496 
-0.017639 0.016418 
-0.020599 0.015564 
-0.020935 0.012665 
-0.019806 0.008057 
-0.015533 0.002319 
-0.009918 -0.005280 
-0.003113 -0.011627 
0.003845 -0.017120 
0.009613 -0.021667 
0.014496 -0.022400 
0.016418 -0.021332 
0.015564 -0.017578 
0.012665 -0.011902 
0.008057 -0.005127 
0.002319 0.002869 
-0.005280 0.010254 
-0.011627 0.016479 
-0.017120 0.019501 
-0.021667 0.020416 
-0.022400 0.019043 
-0.021332 0.014954 
-0.017578 0.009521 
-0.011902 0.002563 
-0.005127 -0.005096 
0.002869 -0.011536 
0.010254 -0.016266 
0.016479 -0.019623 
0.019501 -0.020203 
0.020416 -0.018066 
0.019043 -0.013794 
0.014954 -0.007904 
0.009521 -0.000885 
0.002563 0.006500 
-0.005096 0.012207 
-0.011536 0.016388 
-0.016266 0.018280 
-0.019623 0.017792 
-0.020203 0.014648 
-0.018066 0.009033 
-0.013794 0.002930 
-0.007904 -0.004120 
-0.000885 -0.010864 
0.006500 -0.016510 
0.012207 -0.019928 
0.016388 -0.020447 
0.018280 -0.019043 
0.017792 -0.014587 
0.014648 -0.008942 
0.009033 -0.001282 
0.002930 0.007477 
-0.004120 0.013641 
-0.010864 0.019165 
-0.016510 0.022552 
-0.019928 0.022827 
-0.020447 0.020630 
-0.019043 0.015869 
-0.014587 0.008850 
-0.008942 0.001221 
-0.001282 -0.006012 
0.007477 -0.013245 
0.013641 -0.019257 
0.019165 -0.023102 
0.022552 -0.023407 
0.022827 -0.021881 
0.020630 -0.017273 
0.015869 -0.010651 
0.008850 -0.004028 
0.001221 0.003815 
-0.006012 0.009430 
-0.013245 0.014313 
-0.019257 0.017548 
-0.023102 0.017792 
-0.023407 0.015961 
-0.021881 0.011749 
-0.017273 0.006195 
-0.010651 -0.000244 
-0.004028 -0.006348 
0.003815 -0.012177 
0.009430 -0.014923 
0.014313 -0.016235 
0.017548 -0.015045 
0.017792 -0.011292 
0.015961 -0.007538 
0.011749 -0.000885 
0.006195 0.005310 
-0.000244 0.010559 
-0.006348 0.015015 
-0.012177 0.017242 
-0.014923 0.017487 
-0.016235 0.015137 
-0.015045 0.010712 
-0.011292 0.003876 
-0.007538 -0.003357 
-0.000885 -0.010315 
0.005310 -0.016327 
0.010559 -0.020691 
0.015015 -0.023010 
0.017242 -0.022278 
0.017487 -0.018829 
0.015137 -0.013855 
0.010712 -0.007477 
0.003876 0.000061 
-0.003357 0.007111 
-0.010315 0.014404 
-0.016327 0.018707 
-0.020691 0.019958 
-0.023010 0.020050 
-0.022278 0.016663 
-0.018829 0.011353 
-0.013855 0.005310 
-0.007477 -0.001709 
0.000061 -0.008484 
0.007111 -0.013245 
0.014404 -0.016968 
0.018707 -0.018829 
0.019958 -0.017029 
0.020050 -0.013336 
0.016663 -0.007782 
0.011353 -0.001587 
0.005310 0.005463 
-0.001709 0.012299 
-0.008484 0.017212 
-0.013245 0.019989 
-0.016968 0.020111 
-0.018829 0.018494 
-0.017029 0.014099 
-0.013336 0.007294 
-0.007782 0.000671 
-0.001587 -0.005676 
0.005463 -0.012482 
0.012299 -0.017456 
0.017212 -0.020050 
0.019989 -0.020081 
0.020111 -0.017151 
0.018494 -0.012848 
0.014099 -0.006226 
0.007294 0.000763 
0.000671 0.007324 
-0.005676 0.013000 
-0.012482 0.017059 
-0.017456 0.019775 
-0.020050 0.019531 
-0.020081 0.016754 
-0.017151 0.011353 
-0.012848 0.005188 
-0.006226 -0.001404 
0.000763 -0.007996 
0.007324 -0.013153 
0.013000 -0.017700 
0.017059 -0.018646 
0.019775 -0.016205 
0.019531 -0.012787 
0.016754 -0.007172 
0.011353 -0.000580 
0.005188 0.005768 
-0.001404 0.011902 
-0.007996 0.016357 
-0.013153 0.018616 
-0.017700 0.018341 
-0.018646 0.015625 
-0.016205 0.011078 
-0.012787 0.004303 
-0.007172 -0.003113 
-0.000580 -0.010223 
0.005768 -0.016449 
0.011902 -0.020508 
0.016357 -0.022491 
0.018616 -0.022583 
0.018341 -0.019714 
0.015625 -0.013672 
0.011078 -0.006805 
0.004303 0.000793 
-0.003113 0.008881 
-0.010223 0.015320 
-0.016449 0.020264 
-0.020508 0.022949 
-0.022491 0.022644 
-0.022583 0.020081 
-0.019714 0.015198 
-0.013672 0.008636 
-0.006805 0.001953 
0.000793 -0.004852 
0.008881 -0.010498 
0.015320 -0.014343 
0.020264 -0.016144 
0.022949 -0.015106 
0.022644 -0.012848 
0.020081 -0.008240 
0.015198 -0.002747 
0.008636 0.003082 
0.001953 0.009766 
-0.004852 0.013275 
-0.010498 0.015381 
-0.014343 0.015564 
-0.016144 0.013062 
-0.015106 0.009216 
-0.012848 0.003510 
-0.008240 -0.002319 
-0.002747 -0.008820 
0.003082 -0.014374 
0.009766 -0.017242 
0.013275 -0.018433 
0.015381 -0.017487 
0.015564 -0.013885 
0.013062 -0.008331 
0.009216 -0.001678 
0.003510 0.006042 
-0.002319 0.012939 
-0.008820 0.017914 
-0.014374 0.021912 
-0.017242 0.023438 
-0.018433 0.022034 
-0.017487 0.018799 
-0.013885 0.012695 
-0.008331 0.005310 
-0.001678 -0.002075 
0.006042 -0.009247 
0.012939 -0.015228 
0.017914 -0.019409 
0.021912 -0.021057 
0.023438 -0.019958 
0.022034 -0.016724 
0.018799 -0.012543 
0.012695 -0.006317 
0.005310 0.000732 
-0.002075 0.006470 
-0.009247 0.011627 
-0.015228 0.015167 
-0.019409 0.016022 
-0.021057 0.014343 
-0.019958 0.010498 
-0.016724 0.005981 
-0.012543 0.000153 
-0.006317 -0.005981 
0.000732 -0.010254 
0.006470 -0.014282 
0.011627 -0.015625 
0.015167 -0.014160 
0.016022 -0.011047 
0.014343 -0.005951 
0.010498 -0.000427 
0.005981 0.006348 
0.000153 0.011932 
-0.005981 0.016876 
-0.010254 0.020355 
-0.014282 0.019928 
-0.015625 0.018738 
-0.014160 0.015320 
-0.011047 0.009277 
-0.005951 0.002289 
-0.000427 -0.005371 
0.006348 -0.011658 
0.011932 -0.017151 
0.016876 -0.020844 
0.020355 -0.020691 
0.019928 -0.019043 
0.018738 -0.015350 
0.015320 -0.010040 
0.009277 -0.003540 
0.002289 0.003723 
-0.005371 0.010010 
-0.011658 0.015625 
-0.017151 0.018005 
-0.020844 0.018646 
-0.020691 0.017487 
-0.019043 0.012878 
-0.015350 0.007599 
-0.010040 0.001038 
-0.003540 -0.005127 
0.003723 -0.009674 
0.010010 -0.013733 
0.015625 -0.015808 
0.018005 -0.015594 
0.018646 -0.013062 
0.017487 -0.008514 
0.012878 -0.003204 
0.007599 0.003754 
0.001038 0.010284 
-0.005127 0.014465 
-0.009674 0.017792 
-0.013733 0.018707 
-0.015808 0.017029 
-0.015594 0.013641 
-0.013062 0.008209 
-0.008514 0.001038 
-0.003204 -0.005524 
0.003754 -0.011383 
0.010284 -0.016541 
0.014465 -0.019287 
0.017792 -0.020050 
0.018707 -0.017883 
0.017029 -0.013672 
0.013641 -0.008362 
0.008209 -0.001495 
0.001038 0.005249 
-0.005524 0.011597 
-0.011383 0.016144 
-0.016541 0.017578 
-0.019287 0.018250 
-0.020050 0.016235 
-0.017883 0.011200 
-0.013672 0.005920 
-0.008362 -0.000671 
-0.001495 -0.007172 
0.005249 -0.012787 
0.011597 -0.016510 
0.016144 -0.018555 
0.017578 -0.017700 
0.018250 -0.013611 
0.016235 -0.009064 
0.011200 -0.002533 
0.005920 0.004730 
-0.000671 0.011322 
-0.007172 0.016510 
-0.012787 0.020142 
-0.016510 0.021332 
-0.018555 0.019409 
-0.017700 0.015900 
-0.013611 0.010101 
-0.009064 0.003479 
-0.002533 -0.003357 
0.004730 -0.010498 
0.011322 -0.016449 
0.016510 -0.019836 
0.020142 -0.020142 
0.021332 -0.018738 
0.019409 -0.015350 
0.015900 -0.009644 
0.010101 -0.003052 
0.003479 0.003784 
-0.003357 0.010254 
-0.010498 0.015198 
-0.016449 0.017609 
-0.019836 0.017944 
-0.020142 0.016968 
-0.018738 0.013000 
-0.015350 0.007050 
-0.009644 0.000702 
-0.003052 -0.005402 
0.003784 -0.010437 
0.010254 -0.014374 
0.015198 -0.016235 
0.017609 -0.015442 
0.017944 -0.012817 
0.016968 -0.009003 
0.013000 -0.002960 
0.007050 0.003510 
0.000702 0.009430 
-0.005402 0.014282 
-0.010437 0.017151 
-0.014374 0.018036 
-0.016235 0.015869 
-0.015442 0.012024 
-0.012817 0.005737 
-0.009003 -0.001434 
-0.002960 -0.007996 
0.003510 -0.014282 
0.009430 -0.019012 
0.014282 -0.021484 
0.017151 -0.021912 
0.018036 -0.020081 
0.015869 -0.014984 
0.012024 -0.009003 
0.005737 -0.002441 
-0.001434 0.005310 
-0.007996 0.011597 
-0.014282 0.015778 
-0.019012 0.018860 
-0.021484 0.018951 
-0.021912 0.015747 
-0.020081 0.011475 
-0.014984 0.005402 
-0.009003 -0.001678 
-0.002441 -0.008148 
0.005310 -0.013580 
0.011597 -0.018036 
0.015778 -0.019745 
0.018860 -0.018799 
0.018951 -0.016113 
0.015747 -0.010956 
0.011475 -0.005463 
0.005402 0.001007 
-0.001678 0.007446 
-0.008148 0.012177 
-0.013580 0.015320 
-0.018036 0.016022 
-0.019745 0.015015 
-0.018799 0.011566 
-0.016113 0.005493 
-0.010956 -0.000458 
-0.005463 -0.006287 
0.001007 -0.012482 
0.007446 -0.016296 
0.012177 -0.018219 
0.015320 -0.018585 
0.016022 -0.016266 
0.015015 -0.012115 
0.011566 -0.006317 
0.005493 0.000824 
-0.000458 0.007751 
-0.006287 0.013153 
-0.012482 0.017181 
-0.016296 0.020233 
-0.018219 0.019928 
-0.018585 0.016876 
-0.016266 0.012421 
-0.012115 0.005951 
-0.006317 -0.000671 
0.000824 -0.007507 
0.007751 -0.012665 
0.013153 -0.016632 
0.017181 -0.019135 
0.020233 -0.017914 
0.019928 -0.015717 
0.016876 -0.011871 
0.012421 -0.006470 
0.005951 0.000305 
-0.000671 0.006836 
-0.007507 0.010925 
-0.012665 0.013733 
-0.016632 0.015076 
-0.019135 0.013916 
-0.017914 0.009979 
-0.015717 0.005127 
-0.011871 -0.000458 
-0.006470 -0.006042 
0.000305 -0.011505 
0.006836 -0.015625 
0.010925 -0.017426 
0.013733 -0.017181 
0.015076 -0.014496 
0.013916 -0.010345 
0.009979 -0.004059 
0.005127 0.002594 
-0.000458 0.008759 
-0.006042 0.014099 
-0.011505 0.017578 
-0.015625 0.019012 
-0.017426 0.017914 
-0.017181 0.014832 
-0.014496 0.009827 
-0.010345 0.003540 
-0.004059 -0.003387 
0.002594 -0.010071 
0.008759 -0.014954 
0.014099 -0.018036 
0.017578 -0.019562 
0.019012 -0.018219 
0.017914 -0.014740 
0.014832 -0.009308 
0.009827 -0.002625 
0.003540 0.003876 
-0.003387 0.010590 
-0.010071 0.015717 
-0.014954 0.018158 
-0.018036 0.018127 
-0.019562 0.016815 
-0.018219 0.012695 
-0.014740 0.006866 
-0.009308 0.001282 
-0.002625 -0.005463 
0.003876 -0.011169 
0.010590 -0.015656 
0.015717 -0.017761 
0.018158 -0.017120 
0.018127 -0.014679 
0.016815 -0.009674 
0.012695 -0.003174 
0.006866 0.003662 
0.001282 0.010162 
-0.005463 0.015961 
-0.011169 0.019836 
-0.015656 0.021545 
-0.017761 0.021027 
-0.017120 0.017487 
-0.014679 0.012207 
-0.009674 0.006470 
-0.003174 -0.000702 
0.003662 -0.007507 
0.010162 -0.012848 
0.015961 -0.016785 
0.019836 -0.017944 
0.021545 -0.017700 
0.021027 -0.014618 
0.017487 -0.009308 
0.012207 -0.003448 
0.006470 0.003326 
-0.000702 0.009033 
-0.007507 0.013763 
-0.012848 0.016632 
-0.016785 0.016968 
-0.017944 0.015350 
-0.017700 0.011200 
-0.014618 0.005981 
-0.009308 -0.000214 
-0.003448 -0.006805 
0.003326 -0.011993 
0.009033 -0.016083 
0.013763 -0.018036 
0.016632 -0.017731 
0.016968 -0.014648 
0.015350 -0.010193 
0.011200 -0.004730 
0.005981 0.002808 
-0.000214 0.008972 
-0.006805 0.013977 
-0.011993 0.017303 
-0.016083 0.018463 
-0.018036 0.018158 
-0.017731 0.015228 
-0.014648 0.010345 
-0.010193 0.003876 
-0.004730 -0.002716 
0.002808 -0.009094 
0.008972 -0.014099 
0.013977 -0.016937 
0.017303 -0.018127 
0.018463 -0.017090 
0.018158 -0.012939 
0.015228 -0.007202 
0.010345 -0.001343 
0.003876 0.005585 
-0.002716 0.011505 
-0.009094 0.015930 
-0.014099 0.018768 
-0.016937 0.019897 
-0.018127 0.018341 
-0.017090 0.013275 
-0.012939 0.008057 
-0.007202 0.001709 
-0.001343 -0.005554 
0.005585 -0.011047 
0.011505 -0.015137 
0.015930 -0.017700 
0.018768 -0.017761 
0.019897 -0.015778 
0.018341 -0.011658 
0.013275 -0.005615 
0.008057 0.000275 
0.001709 0.006470 
-0.005554 0.011963 
-0.011047 0.015564 
-0.015137 0.016876 
-0.017700 0.016296 
-0.017761 0.014465 
-0.015778 0.009979 
-0.011658 0.004181 
-0.005615 -0.001862 
0.000275 -0.007812 
0.006470 -0.012695 
0.011963 -0.015503 
0.015564 -0.016022 
0.016876 -0.013916 
0.016296 -0.009705 
0.014465 -0.004913 
0.009979 0.000458 
0.004181 0.006470 
-0.001862 0.012115 
-0.007812 0.016144 
-0.012695 0.018738 
-0.015503 0.019135 
-0.016022 0.016327 
-0.013916 0.011444 
-0.009705 0.005920 
-0.004913 -0.000824 
0.000458 -0.007507 
0.006470 -0.013306 
0.012115 -0.017700 
0.016144 -0.018799 
0.018738 -0.018555 
0.019135 -0.016113 
0.016327 -0.011414 
0.011444 -0.005707 
0.005920 0.001099 
-0.000824 0.007599 
-0.007507 0.012909 
-0.013306 0.016327 
-0.017700 0.017731 
-0.018799 0.017090 
-0.018555 0.014221 
-0.016113 0.009430 
-0.011414 0.003662 
-0.005707 -0.003510 
0.001099 -0.009033 
0.007599 -0.013458 
0.012909 -0.017029 
0.016327 -0.016968 
0.017731 -0.016113 
0.017090 -0.012238 
0.014221 -0.006653 
0.009430 -0.000824 
0.003662 0.005371 
-0.003510 0.010895 
-0.009033 0.015350 
-0.013458 0.016998 
-0.017029 0.017487 
-0.016968 0.014862 
-0.016113 0.010559 
-0.012238 0.005188 
-0.006653 -0.001526 
-0.000824 -0.007843 
0.005371 -0.013794 
0.010895 -0.017029 
0.015350 -0.018250 
0.016998 -0.017853 
0.017487 -0.014893 
0.014862 -0.009888 
0.010559 -0.003784 
0.005188 0.003815 
-0.001526 0.010376 
-0.007843 0.014984 
-0.013794 0.018982 
-0.017029 0.020355 
-0.018250 0.019531 
-0.017853 0.015930 
-0.014893 0.010406 
-0.009888 0.004578 
-0.003784 -0.002014 
0.003815 -0.008331 
0.010376 -0.013000 
0.014984 -0.015778 
0.018982 -0.016724 
0.020355 -0.016022 
0.019531 -0.012146 
0.015930 -0.006500 
0.010406 -0.001099 
0.004578 0.005463 
-0.002014 0.010834 
-0.008331 0.015167 
-0.013000 0.016693 
-0.015778 0.015442 
-0.016724 0.013214 
-0.016022 0.007996 
-0.012146 0.002014 
-0.006500 -0.004791 
-0.001099 -0.011597 
0.005463 -0.017334 
0.010834 -0.021393 
0.015167 -0.022797 
0.016693 -0.021881 
0.015442 -0.018463 
0.013214 -0.013306 
0.007996 -0.006378 
0.002014 0.000946 
-0.004791 0.008087 
-0.011597 0.014069 
-0.017334 0.018127 
-0.021393 0.019989 
-0.022797 0.019379 
-0.021881 0.016541 
-0.018463 0.011841 
-0.013306 0.006226 
-0.006378 -0.000641 
0.000946 -0.006622 
0.008087 -0.010986 
0.014069 -0.014313 
0.018127 -0.015442 
0.019989 -0.014374 
0.019379 -0.011230 
0.016541 -0.006683 
0.011841 -0.001556 
0.006226 0.003906 
-0.000641 0.008423 
-0.006622 0.012024 
-0.010986 0.013763 
-0.014313 0.012756 
-0.015442 0.010559 
-0.014374 0.005859 
-0.011230 0.000397 
-0.006683 -0.004913 
-0.001556 -0.011017 
0.003906 -0.014984 
0.008423 -0.017853 
0.012024 -0.019043 
0.013763 -0.016785 
0.012756 -0.012817 
0.010559 -0.006958 
0.005859 -0.000214 
0.000397 0.006866 
-0.004913 0.013550 
-0.011017 0.018036 
-0.014984 0.021332 
-0.017853 0.022522 
-0.019043 0.020996 
-0.016785 0.016602 
-0.012817 0.010193 
-0.006958 0.003662 
-0.000214 -0.003418 
0.006866 -0.009766 
0.013550 -0.015381 
0.018036 -0.018646 
0.021332 -0.019409 
0.022522 -0.018188 
0.020996 -0.014862 
0.016602 -0.010193 
0.010193 -0.003723 
0.003662 0.002441 
-0.003418 0.007843 
-0.009766 0.011505 
-0.015381 0.013977 
-0.018646 0.014496 
-0.019409 0.011963 
-0.018188 0.008514 
-0.014862 0.003540 
-0.010193 -0.001923 
-0.003723 -0.007019 
0.002441 -0.011444 
0.007843 -0.014618 
0.011505 -0.015594 
0.013977 -0.014038 
0.014496 -0.010986 
0.011963 -0.006042 
0.008514 -0.000153 
0.003540 0.005554 
-0.001923 0.010681 
-0.007019 0.014648 
-0.011444 0.016846 
-0.014618 0.017273 
-0.015594 0.015106 
-0.014038 0.010712 
-0.010986 0.004852 
-0.006042 -0.002045 
-0.000153 -0.009003 
0.005554 -0.015076 
0.010681 -0.019348 
0.014648 -0.022186 
0.016846 -0.022125 
0.017273 -0.019104 
0.015106 -0.015167 
0.010712 -0.009674 
0.004852 -0.002319 
-0.002045 0.004700 
-0.009003 0.010651 
-0.015076 0.015320 
-0.019348 0.017731 
-0.022186 0.018280 
-0.022125 0.016266 
-0.019104 0.012177 
-0.015167 0.006958 
-0.009674 0.001068 
-0.002319 -0.004517 
0.004700 -0.009705 
0.010651 -0.012878 
0.015320 -0.014099 
0.017731 -0.014038 
0.018280 -0.011322 
0.016266 -0.006958 
0.012177 -0.002197 
0.006958 0.003326 
0.001068 0.009003 
-0.004517 0.013153 
-0.009705 0.015106 
-0.012878 0.015503 
-0.014099 0.013336 
-0.014038 0.009460 
-0.011322 0.004578 
-0.006958 -0.002167 
-0.002197 -0.008148 
0.003326 -0.012970 
0.009003 -0.017090 
0.013153 -0.018677 
0.015106 -0.018036 
0.015503 -0.015564 
0.013336 -0.011475 
0.009460 -0.005676 
0.004578 0.001007 
-0.002167 0.007050 
-0.008148 0.012573 
-0.012970 0.016083 
-0.017090 0.017822 
-0.018677 0.017456 
-0.018036 0.014221 
-0.015564 0.009369 
-0.011475 0.003113 
